   0.000000      0.820398E+01
   0.500000      0.820006E+01
   1.000000      0.818822E+01
   1.500000      0.816850E+01
   2.000000      0.814095E+01
   2.500000      0.810564E+01
   3.000000      0.806269E+01
   3.500000      0.801222E+01
   4.000000      0.795436E+01
   4.500000      0.788928E+01
   5.000000      0.781715E+01
   5.500000      0.773819E+01
   6.000000      0.765263E+01
   6.500001      0.756068E+01
   7.000000      0.746260E+01
   7.500001      0.735869E+01
   8.000001      0.724921E+01
   8.500001      0.713446E+01
   9.000001      0.701477E+01
   9.500001      0.689044E+01
  10.000001      0.676182E+01
  10.500001      0.662925E+01
  11.000001      0.649308E+01
  11.500002      0.635367E+01
  12.000001      0.621137E+01
  12.500001      0.606656E+01
  13.000002      0.591961E+01
  13.500001      0.577088E+01
  14.000001      0.562075E+01
  14.500002      0.546958E+01
  15.000002      0.531774E+01
  15.500001      0.516559E+01
  16.000002      0.501349E+01
  16.500002      0.486179E+01
  17.000002      0.471083E+01
  17.500002      0.456095E+01
  18.000002      0.441247E+01
  18.500002      0.426570E+01
  19.000002      0.412095E+01
  19.500002      0.397849E+01
  20.000002      0.383862E+01
  20.500002      0.370158E+01
  21.000002      0.356763E+01
  21.500004      0.343698E+01
  22.000002      0.330986E+01
  22.500002      0.318645E+01
  23.000004      0.306693E+01
  23.500002      0.295146E+01
  24.000002      0.284018E+01
  24.500004      0.273322E+01
  25.000002      0.263066E+01
  25.500002      0.253260E+01
  26.000004      0.243910E+01
  26.500002      0.235020E+01
  27.000002      0.226594E+01
  27.500004      0.218631E+01
  28.000002      0.211131E+01
  28.500002      0.204090E+01
  29.000004      0.197505E+01
  29.500004      0.191368E+01
  30.000004      0.185672E+01
  30.500002      0.180408E+01
  31.000002      0.175563E+01
  31.500002      0.171126E+01
  32.000004      0.167082E+01
  32.500004      0.163417E+01
  33.000004      0.160115E+01
  33.500004      0.157156E+01
  34.000004      0.154525E+01
  34.500004      0.152200E+01
  35.000004      0.150162E+01
  35.500004      0.148390E+01
  36.000004      0.146863E+01
  36.500004      0.145559E+01
  37.000004      0.144455E+01
  37.500004      0.143530E+01
  38.000004      0.142761E+01
  38.500004      0.142125E+01
  39.000004      0.141600E+01
  39.500004      0.141164E+01
  40.000004      0.140795E+01
  40.500004      0.140471E+01
  41.000004      0.140171E+01
  41.500004      0.139875E+01
  42.000004      0.139563E+01
  42.500004      0.139217E+01
  43.000008      0.138818E+01
  43.500004      0.138350E+01
  44.000004      0.137797E+01
  44.500004      0.137144E+01
  45.000004      0.136377E+01
  45.500004      0.135485E+01
  46.000008      0.134456E+01
  46.500004      0.133281E+01
  47.000004      0.131952E+01
  47.500004      0.130461E+01
  48.000004      0.128805E+01
  48.500004      0.126979E+01
  49.000008      0.124982E+01
  49.500008      0.122813E+01
  50.000004      0.120472E+01
  50.500004      0.117963E+01
  51.000004      0.115290E+01
  51.500004      0.112459E+01
  52.000008      0.109476E+01
  52.500008      0.106351E+01
  53.000004      0.103093E+01
  53.500004      0.997139E+00
  54.000004      0.962270E+00
  54.500004      0.926460E+00
  55.000008      0.889866E+00
  55.500008      0.852649E+00
  56.000004      0.814988E+00
  56.500004      0.777066E+00
  57.000004      0.739077E+00
  57.500008      0.701226E+00
  58.000008      0.663719E+00
  58.500004      0.626775E+00
  59.000008      0.590610E+00
  59.500004      0.555451E+00
  60.000008      0.521524E+00
  60.500004      0.489056E+00
  61.000004      0.458276E+00
  61.500008      0.429411E+00
  62.000004      0.402687E+00
  62.500008      0.378325E+00
  63.000004      0.356544E+00
  63.500008      0.337555E+00
  64.000008      0.321562E+00
  64.500000      0.308762E+00
  65.000008      0.299343E+00
  65.500008      0.293481E+00
  66.000008      0.291340E+00
  66.500008      0.293075E+00
  67.000008      0.298823E+00
  67.500008      0.308709E+00
  68.000008      0.322841E+00
  68.500008      0.341311E+00
  69.000008      0.364195E+00
  69.500008      0.391550E+00
  70.000008      0.423413E+00
  70.500000      0.459804E+00
  71.000008      0.500725E+00
  71.500008      0.546153E+00
  72.000008      0.596050E+00
  72.500008      0.650354E+00
  73.000008      0.708983E+00
  73.500008      0.771834E+00
  74.000008      0.838788E+00
  74.500008      0.909701E+00
  75.000008      0.984410E+00
  75.500008      0.106273E+01
  76.000008      0.114447E+01
  76.500008      0.122940E+01
  77.000008      0.131729E+01
  77.500008      0.140788E+01
  78.000008      0.150091E+01
  78.500008      0.159608E+01
  79.000008      0.169311E+01
  79.500008      0.179168E+01
  80.000008      0.189148E+01
  80.500008      0.199216E+01
  81.000008      0.209338E+01
  81.500008      0.219482E+01
  82.000008      0.229610E+01
  82.500008      0.239688E+01
  83.000008      0.249680E+01
  83.500008      0.259550E+01
  84.000008      0.269263E+01
  84.500008      0.278782E+01
  85.000008      0.288074E+01
  85.500008      0.297105E+01
  86.000015      0.305841E+01
  86.500008      0.314249E+01
  87.000008      0.322299E+01
  87.500008      0.329962E+01
  88.000008      0.337208E+01
  88.500008      0.344013E+01
  89.000008      0.350351E+01
  89.500015      0.356199E+01
  90.000008      0.361538E+01
  90.500008      0.366349E+01
  91.000008      0.370617E+01
  91.500008      0.374328E+01
  92.000015      0.377472E+01
  92.500008      0.380042E+01
  93.000008      0.382031E+01
  93.500008      0.383437E+01
  94.000008      0.384262E+01
  94.500008      0.384508E+01
  95.000008      0.384182E+01
  95.500015      0.383293E+01
  96.000008      0.381854E+01
  96.500008      0.379879E+01
  97.000008      0.377387E+01
  97.500008      0.374398E+01
  98.000015      0.370936E+01
  98.500008      0.367027E+01
  99.000015      0.362699E+01
  99.500008      0.357984E+01
 100.000008      0.352914E+01
 100.500008      0.347524E+01
 101.000008      0.341853E+01
 101.500015      0.335938E+01
 102.000008      0.329821E+01
 102.500008      0.323544E+01
 103.000008      0.317149E+01
 103.500008      0.310680E+01
 104.000015      0.304183E+01
 104.500008      0.297702E+01
 105.000015      0.291284E+01
 105.500008      0.284972E+01
 106.000008      0.278813E+01
 106.500015      0.272852E+01
 107.000008      0.267132E+01
 107.500015      0.261696E+01
 108.000008      0.256586E+01
 108.500015      0.251842E+01
 109.000008      0.247503E+01
 109.500008      0.243605E+01
 110.000015      0.240183E+01
 110.500008      0.237268E+01
 111.000015      0.234890E+01
 111.500008      0.233075E+01
 112.000008      0.231847E+01
 112.500015      0.231227E+01
 113.000008      0.231232E+01
 113.500015      0.231874E+01
 114.000008      0.233166E+01
 114.500015      0.235113E+01
 115.000015      0.237719E+01
 115.500015      0.240982E+01
 116.000015      0.244899E+01
 116.500008      0.249461E+01
 117.000008      0.254657E+01
 117.500015      0.260470E+01
 118.000015      0.266881E+01
 118.500015      0.273868E+01
 119.000008      0.281405E+01
 119.500008      0.289461E+01
 120.000015      0.298005E+01
 120.500015      0.307001E+01
 121.000008      0.316409E+01
 121.500008      0.326190E+01
 122.000008      0.336300E+01
 122.500015      0.346694E+01
 123.000015      0.357323E+01
 123.500008      0.368140E+01
 124.000008      0.379095E+01
 124.500015      0.390137E+01
 125.000015      0.401214E+01
 125.500015      0.412275E+01
 126.000008      0.423267E+01
 126.500008      0.434141E+01
 127.000015      0.444845E+01
 127.500015      0.455330E+01
 128.000015      0.465547E+01
 128.500015      0.475452E+01
 129.000000      0.485000E+01
 129.500015      0.494149E+01
 130.000015      0.502861E+01
 130.500015      0.511099E+01
 131.000015      0.518832E+01
 131.500000      0.526031E+01
 132.000015      0.532671E+01
 132.500015      0.538732E+01
 133.000015      0.544196E+01
 133.500015      0.549053E+01
 134.000015      0.553296E+01
 134.500015      0.556921E+01
 135.000015      0.559933E+01
 135.500015      0.562339E+01
 136.000015      0.564151E+01
 136.500015      0.565389E+01
 137.000015      0.566076E+01
 137.500015      0.566238E+01
 138.000015      0.565912E+01
 138.500015      0.565134E+01
 139.000015      0.563949E+01
 139.500015      0.562403E+01
 140.000015      0.560551E+01
 140.500015      0.558448E+01
 141.000000      0.556154E+01
 141.500015      0.553736E+01
 142.000015      0.551259E+01
 142.500015      0.548797E+01
 143.000015      0.546422E+01
 143.500015      0.544211E+01
 144.000015      0.542242E+01
 144.500015      0.540595E+01
 145.000015      0.539350E+01
 145.500015      0.538591E+01
 146.000015      0.538398E+01
 146.500015      0.538854E+01
 147.000015      0.540040E+01
 147.500015      0.542036E+01
 148.000015      0.544921E+01
 148.500015      0.548772E+01
 149.000015      0.553662E+01
 149.500015      0.559664E+01
 150.000015      0.566844E+01
 150.500015      0.575267E+01
 151.000015      0.584992E+01
 151.500015      0.596074E+01
 152.000015      0.608563E+01
 152.500015      0.622505E+01
 153.000015      0.637937E+01
 153.500015      0.654893E+01
 154.000015      0.673398E+01
 154.500015      0.693473E+01
 155.000015      0.715130E+01
 155.500015      0.738377E+01
 156.000015      0.763210E+01
 156.500015      0.789622E+01
 157.000015      0.817597E+01
 157.500015      0.847110E+01
 158.000015      0.878132E+01
 158.500015      0.910623E+01
 159.000015      0.944537E+01
 159.500015      0.979821E+01
 160.000015      0.101642E+02
 160.500015      0.105425E+02
 161.000015      0.109325E+02
 161.500015      0.113334E+02
 162.000015      0.117443E+02
 162.500015      0.121643E+02
 163.000015      0.125923E+02
 163.500015      0.130273E+02
 164.000015      0.134682E+02
 164.500015      0.139139E+02
 165.000015      0.143632E+02
 165.500015      0.148149E+02
 166.000015      0.152677E+02
 166.500015      0.157204E+02
 167.000015      0.161716E+02
 167.500015      0.166201E+02
 168.000015      0.170644E+02
 168.500015      0.175033E+02
 169.000015      0.179355E+02
 169.500031      0.183596E+02
 170.000015      0.187743E+02
 170.500015      0.191783E+02
 171.000015      0.195703E+02
 171.500015      0.199491E+02
 172.000031      0.203135E+02
 172.500015      0.206622E+02
 173.000015      0.209942E+02
 173.500015      0.213084E+02
 174.000015      0.216037E+02
 174.500015      0.218792E+02
 175.000015      0.221339E+02
 175.500015      0.223670E+02
 176.000015      0.225778E+02
 176.500015      0.227655E+02
 177.000015      0.229294E+02
 177.500015      0.230691E+02
 178.000015      0.231841E+02
 178.500015      0.232739E+02
 179.000031      0.233383E+02
 179.500015      0.233771E+02
 180.000015      0.233900E+02
