0.000000,9.14024353
0.500000,9.13816929
1.000000,9.13189316
1.500000,9.12142277
2.000000,9.10675144
2.500000,9.08787537
3.000000,9.06479740
3.500000,9.03752708
4.000000,9.00605106
4.500000,8.97037125
5.000000,8.93048573
5.500000,8.88639545
6.000000,8.83810425
6.500001,8.78560829
7.000000,8.72890377
7.500001,8.66800404
8.000001,8.60290527
8.500001,8.53361320
9.000001,8.46013165
9.500001,8.38246727
10.000001,8.30063534
10.500001,8.21464443
11.000001,8.12450886
11.500002,8.03024387
12.000001,7.93187523
12.500001,7.82942486
13.000002,7.72293091
13.500001,7.61242342
14.000001,7.49794054
14.500002,7.37953711
15.000002,7.25727081
15.500001,7.13119888
16.000002,7.00140095
16.500002,6.86796093
17.000002,6.73097563
17.500002,6.59055138
18.000002,6.44681644
18.500002,6.29990196
19.000002,6.14996910
19.500002,5.99718571
20.000002,5.84175062
20.500002,5.68387699
21.000002,5.52379513
21.500004,5.36176920
22.000002,5.19809246
22.500002,5.03306913
23.000004,4.86703777
23.500002,4.70036983
24.000002,4.53346252
24.500004,4.36673927
25.000002,4.20064783
25.500002,4.03566837
26.000004,3.87229776
26.500002,3.71105695
27.000002,3.55247974
27.500004,3.39711857
28.000002,3.24551558
28.500002,3.09822297
29.000004,2.95577669
29.500004,2.81869745
30.000004,2.68747306
30.500002,2.56254816
31.000002,2.44432998
31.500002,2.33315778
32.000004,2.22930622
32.500004,2.13298321
33.000004,2.04430938
33.500004,1.96332097
34.000004,1.88997638
34.500004,1.82413948
35.000004,1.76559341
35.500004,1.71404266
36.000004,1.66911674
36.500004,1.63037562
37.000004,1.59733057
37.500004,1.56943011
38.000004,1.54609537
38.500004,1.52671123
39.000004,1.51064134
39.500004,1.49724257
40.000004,1.48586261
40.500004,1.47585154
41.000004,1.46657336
41.500004,1.45739341
42.000004,1.44770753
42.500004,1.43691921
43.000008,1.42446876
43.500004,1.40980196
44.000004,1.39239979
44.500004,1.37176704
45.000004,1.34742165
45.500004,1.31891239
46.000008,1.28580081
46.500004,1.24767792
47.000004,1.20414448
47.500004,1.15481949
48.000004,1.09933233
48.500004,1.03733552
49.000008,0.96847886
49.500008,0.89243495
50.000004,0.80887461
50.500004,0.71747589
51.000004,0.61793298
51.500004,0.50993729
52.000008,0.39319372
52.500008,0.26739705
53.000004,0.13228041
53.500004,-0.01244333
54.000004,-0.16703098
54.500004,-0.33173257
55.000008,-0.50675625
55.500008,-0.69229698
56.000004,-0.88848901
56.500004,-1.09542322
57.000004,-1.31310225
57.500008,-1.54142284
58.000008,-1.78015518
58.500004,-2.02888155
59.000008,-2.28698874
59.500004,-2.55353904
60.000008,-2.82725811
60.500004,-3.10641718
61.000004,-3.38872719
61.500008,-3.67127323
62.000004,-3.95032525
62.500008,-4.22134590
63.000004,-4.47886753
63.500008,-4.71655750
64.000008,-4.92735434
64.500000,-5.10375595
65.000008,-5.23831367
65.500008,-5.32420731
66.000008,-5.35599327
66.500008,-5.33021069
67.000008,-5.24585342
67.500008,-5.10450935
68.000008,-4.91011333
68.500008,-4.66849279
69.000008,-4.38666344
69.500008,-4.07213259
70.000008,-3.73235726
70.500000,-3.37426805
71.000008,-3.00400686
71.500008,-2.62685418
72.000008,-2.24717116
72.500008,-1.86850488
73.000008,-1.49364245
73.500008,-1.12475824
74.000008,-0.76347715
74.500008,-0.41101104
75.000008,-0.06824068
75.500008,0.26424336
76.000008,0.58604312
76.500008,0.89693516
77.000008,1.19681072
77.500008,1.48565996
78.000008,1.76354074
78.500008,2.03055763
79.000008,2.28686047
79.500008,2.53261590
80.000008,2.76801109
80.500008,2.99323559
81.000008,3.20849061
81.500008,3.41398716
82.000008,3.60991335
82.500008,3.79647017
83.000008,3.97384167
83.500008,4.14221334
84.000008,4.30176449
84.500008,4.45265436
85.000008,4.59504795
85.500008,4.72909832
86.000015,4.85495138
86.500008,4.97273684
87.000008,5.08259010
87.500008,5.18463373
88.000008,5.27898216
88.500008,5.36574602
89.000008,5.44502831
89.500015,5.51692867
90.000008,5.58154345
90.500008,5.63895464
91.000008,5.68925428
91.500008,5.73252630
92.000015,5.76885271
92.500008,5.79831219
93.000008,5.82098389
93.500008,5.83694172
94.000008,5.84626961
94.500008,5.84905052
95.000008,5.84536934
95.500015,5.83530521
96.000008,5.81896782
96.500008,5.79645348
97.000008,5.76787043
97.500008,5.73333836
98.000015,5.69299316
98.500008,5.64698124
99.000015,5.59546757
99.500008,5.53863144
100.000008,5.47668362
100.500008,5.40985107
101.000008,5.33839035
101.500015,5.26259470
102.000008,5.18278599
102.500008,5.09933186
103.000008,5.01263142
103.500008,4.92313957
104.000015,4.83135176
104.500008,4.73782206
105.000015,4.64315987
105.500008,4.54802465
106.000008,4.45313692
106.500015,4.35927105
107.000008,4.26725912
107.500015,4.17796946
108.000008,4.09233093
108.500015,4.01128340
109.000008,3.93580699
109.500008,3.86686611
110.000015,3.80541801
110.500008,3.75238681
111.000015,3.70863914
111.500008,3.67495871
112.000008,3.65202188
112.500015,3.64038587
113.000008,3.64047050
113.500015,3.65252876
114.000008,3.67665410
114.500015,3.71277213
115.000015,3.76064062
115.500015,3.81985140
116.000015,3.88987327
116.500008,3.97003174
117.000008,4.05954981
117.500015,4.15757084
118.000015,4.26317978
118.500015,4.37541580
119.000008,4.49331665
119.500008,4.61590481
120.000015,4.74223995
120.500015,4.87139320
121.000008,5.00249100
121.500008,5.13470650
122.000008,5.26726675
122.500015,5.39945793
123.000015,5.53060913
123.500008,5.66013336
124.000008,5.78748131
124.500015,5.91217279
125.000015,6.03376198
125.500015,6.15186787
126.000008,6.26614761
126.500008,6.37630701
127.000015,6.48208714
127.500015,6.58325958
128.000015,6.67963934
128.500015,6.77106762
129.000000,6.85741425
129.500015,6.93857908
130.000015,7.01447678
130.500015,7.08504915
131.000015,7.15026665
131.500000,7.21011162
132.000015,7.26459074
132.500015,7.31372595
133.000015,7.35755491
133.500015,7.39614582
134.000015,7.42957306
134.500015,7.45793819
135.000015,7.48136139
135.500015,7.49997854
136.000015,7.51395702
136.500015,7.52347517
137.000015,7.52874374
137.500015,7.52999306
138.000015,7.52748871
138.500015,7.52151585
139.000015,7.51239824
139.500015,7.50047922
140.000015,7.48615265
140.500015,7.46982384
141.000000,7.45195293
141.500015,7.43302441
142.000015,7.41355991
142.500015,7.39411831
143.000015,7.37528419
143.500015,7.35767126
144.000015,7.34192896
144.500015,7.32871723
145.000015,7.31870556
145.500015,7.31258678
146.000015,7.31103039
146.500015,7.31470966
147.000015,7.32425785
147.500015,7.34028101
148.000015,7.36333656
148.500015,7.39392042
149.000015,7.43245029
149.500015,7.47927570
150.000015,7.53463507
150.500015,7.59869146
151.000015,7.67149734
151.500015,7.75300121
152.000015,7.84305811
152.500015,7.94143009
153.000015,8.04777908
153.500015,8.16170120
154.000015,8.28271961
154.500015,8.41029549
155.000015,8.54385281
155.500015,8.68278313
156.000015,8.82644272
156.500015,8.97419167
157.000015,9.12539196
157.500015,9.27939796
158.000015,9.43559837
158.500015,9.59338379
159.000015,9.75218868
159.500015,9.91146564
160.000015,10.07071114
160.500015,10.22943878
161.000015,10.38720608
161.500015,10.54361248
162.000015,10.69827938
162.500015,10.85085964
163.000015,11.00103569
163.500015,11.14853382
164.000015,11.29309845
164.500015,11.43449783
165.000015,11.57252693
165.500015,11.70699692
166.000015,11.83775043
166.500015,11.96463776
167.000015,12.08753777
167.500015,12.20632935
168.000015,12.32091904
168.500015,12.43120956
169.000015,12.53713703
169.500031,12.63863373
170.000015,12.73563290
170.500015,12.82809448
171.000015,12.91597366
171.500015,12.99923038
172.000031,13.07783890
172.500015,13.15176773
173.000015,13.22099590
173.500015,13.28550529
174.000015,13.34527969
174.500015,13.40031147
175.000015,13.45058060
175.500015,13.49608421
176.000015,13.53681469
176.500015,13.57276344
177.000015,13.60392952
177.500015,13.63030624
178.000015,13.65189362
178.500015,13.66868973
179.000031,13.68069458
179.500015,13.68789673
180.000015,13.69030857
