   0.000000       9.13943672
   0.500000       9.13697147
   1.000000       9.12953091
   1.500000       9.11711407
   2.000000       9.09971619
   2.500000       9.07733536
   3.000000       9.04996777
   3.500000       9.01760578
   4.000000       8.98024654
   4.500000       8.93788433
   5.000000       8.89050865
   5.500000       8.83810902
   6.000000       8.78068066
   6.500001       8.71821213
   7.000000       8.65068913
   7.500001       8.57810783
   8.000001       8.50044727
   8.500001       8.41769695
   9.000001       8.32984734
   9.500001       8.23688316
  10.000001       8.13878918
  10.500001       8.03555298
  11.000001       7.92715645
  11.500002       7.81358957
  12.000001       7.69483185
  12.500001       7.57087469
  13.000002       7.44170189
  13.500001       7.30730009
  14.000001       7.16765308
  14.500002       7.02275038
  15.000002       6.87258339
  15.500001       6.71713829
  16.000002       6.55640888
  16.500002       6.39038801
  17.000002       6.21906948
  17.500002       6.04245090
  18.000002       5.86053371
  18.500002       5.67331791
  19.000002       5.48081446
  19.500002       5.28302717
  20.000002       5.07997894
  20.500002       4.87168312
  21.000002       4.65816307
  21.500004       4.43945312
  22.000002       4.21558714
  22.500002       3.98660660
  23.000004       3.75256634
  23.500002       3.51351857
  24.000002       3.26953745
  24.500004       3.02068853
  25.000002       2.76706839
  25.500002       2.50876856
  26.000004       2.24588609
  26.500002       1.97855473
  27.000002       1.70688808
  27.500004       1.43103063
  28.000002       1.15113449
  28.500002       0.86736172
  29.000004       0.57987893
  29.500004       0.28887522
  30.000004      -0.00546201
  30.500002      -0.30293256
  31.000002      -0.60333097
  31.500002      -0.90644389
  32.000004      -1.21206057
  32.500004      -1.51996946
  33.000004      -1.82995450
  33.500004      -2.14182115
  34.000004      -2.45537066
  34.500004      -2.77041793
  35.000004      -3.08680487
  35.500004      -3.40437698
  36.000004      -3.72301149
  36.500004      -4.04260731
  37.000004      -4.36306953
  37.500004      -4.68436766
  38.000004      -5.00643682
  38.500004      -5.32928181
  39.000004      -5.65286875
  39.500004      -5.97720623
  40.000004      -6.30224133
  40.500004      -6.62791538
  41.000004      -6.95411015
  41.500004      -7.28060246
  42.000004      -7.60705757
  42.500004      -7.93295193
  43.000008      -8.25755692
  43.500004      -8.57983112
  44.000004      -8.89841652
  44.500004      -9.21149158
  45.000004      -9.51675892
  45.500004      -9.81135273
  46.000008     -10.09177017
  46.500004     -10.35392952
  47.000004     -10.59313011
  47.500004     -10.80426216
  48.000004     -10.98194885
  48.500004     -11.12090015
  49.000008     -11.21635914
  49.500008     -11.26443481
  50.000004     -11.26263428
  50.500004     -11.21007442
  51.000004     -11.10766792
  51.500004     -10.95805264
  52.000008     -10.76528931
  52.500008     -10.53448677
  53.000004     -10.27145290
  53.500004      -9.98209095
  54.000004      -9.67223930
  54.500004      -9.34724617
  55.000008      -9.01200390
  55.500008      -8.67071247
  56.000004      -8.32694340
  56.500004      -7.98367548
  57.000004      -7.64334917
  57.500008      -7.30791950
  58.000008      -6.97893333
  58.500004      -6.65760708
  59.000008      -6.34484196
  59.500004      -6.04137039
  60.000008      -5.74770260
  60.500004      -5.46418476
  61.000004      -5.19109678
  61.500008      -4.92856932
  62.000004      -4.67671394
  62.500008      -4.43555117
  63.000004      -4.20508480
  63.500008      -3.98526549
  64.000008      -3.77603960
  64.500000      -3.57731938
  65.000008      -3.38903046
  65.500008      -3.21106148
  66.000008      -3.04333234
  66.500008      -2.88573933
  67.000008      -2.73819566
  67.500008      -2.60060191
  68.000008      -2.47288561
  68.500008      -2.35495114
  69.000008      -2.24674582
  69.500008      -2.14819527
  70.000008      -2.05925107
  70.500000      -1.97987378
  71.000008      -1.91001117
  71.500008      -1.84965611
  72.000008      -1.79878712
  72.500008      -1.75739527
  73.000008      -1.72549844
  73.500008      -1.70309758
  74.000008      -1.69023764
  74.500008      -1.68693709
  75.000008      -1.69326615
  75.500008      -1.70927989
  76.000008      -1.73504770
  76.500008      -1.77066207
  77.000008      -1.81620765
  77.500008      -1.87179506
  78.000008      -1.93755209
  78.500008      -2.01359439
  79.000008      -2.10006404
  79.500008      -2.19711065
  80.000008      -2.30488181
  80.500008      -2.42353463
  81.000008      -2.55321312
  81.500008      -2.69409084
  82.000008      -2.84630203
  82.500008      -3.00998640
  83.000008      -3.18523836
  83.500008      -3.37212348
  84.000008      -3.57067847
  84.500008      -3.78083229
  85.000008      -4.00243664
  85.500008      -4.23521233
  86.000015      -4.47872066
  86.500008      -4.73225069
  87.000008      -4.99488354
  87.500008      -5.26527977
  88.000008      -5.54167652
  88.500008      -5.82173395
  89.000008      -6.10245943
  89.500015      -6.38006306
  90.000008      -6.64988613
  90.500008      -6.90632391
  91.000008      -7.14289665
  91.500008      -7.35230494
  92.000015      -7.52682257
  92.500008      -7.65873194
  93.000008      -7.74100256
  93.500008      -7.76797867
  94.000008      -7.73611069
  94.500008      -7.64436483
  95.000008      -7.49441195
  95.500015      -7.29036570
  96.000008      -7.03826714
  96.500008      -6.74534321
  97.000008      -6.41932869
  97.500008      -6.06784296
  98.000015      -5.69791889
  98.500008      -5.31580877
  99.000015      -4.92681217
  99.500008      -4.53531551
 100.000008      -4.14484596
 100.500008      -3.75815892
 101.000008      -3.37740469
 101.500015      -3.00416946
 102.000008      -2.63963914
 102.500008      -2.28464222
 103.000008      -1.93973720
 103.500008      -1.60529745
 104.000015      -1.28150201
 104.500008      -0.96845657
 105.000015      -0.66612989
 105.500008      -0.37445468
 106.000008      -0.09330741
 106.500015       0.17747787
 107.000008       0.43807483
 107.500015       0.68867421
 108.000008       0.92946970
 108.500015       1.16068149
 109.000008       1.38248932
 109.500008       1.59509563
 110.000015       1.79869115
 110.500008       1.99345183
 111.000015       2.17954445
 111.500008       2.35713339
 112.000008       2.52636075
 112.500015       2.68737555
 113.000008       2.84028649
 113.500015       2.98522353
 114.000008       3.12227869
 114.500015       3.25154495
 115.000015       3.37310362
 115.500015       3.48701692
 116.000015       3.59333777
 116.500008       3.69211578
 117.000008       3.78338337
 117.500015       3.86714745
 118.000015       3.94342136
 118.500015       4.01220512
 119.000008       4.07347250
 119.500008       4.12719297
 120.000015       4.17332602
 120.500015       4.21181917
 121.000008       4.24258471
 121.500008       4.26554251
 122.000008       4.28059673
 122.500015       4.28762150
 123.000015       4.28647804
 123.500008       4.27701902
 124.000008       4.25906563
 124.500015       4.23242426
 125.000015       4.19687700
 125.500015       4.15218449
 126.000008       4.09807444
 126.500008       4.03423977
 127.000015       3.96036148
 127.500015       3.87607002
 128.000015       3.78094959
 128.500015       3.67456388
 129.000000       3.55640841
 129.500015       3.42591858
 130.000015       3.28249192
 130.500015       3.12543249
 131.000015       2.95396900
 131.500000       2.76723528
 132.000015       2.56425381
 132.500015       2.34393549
 133.000015       2.10503817
 133.500015       1.84613252
 134.000015       1.56558800
 134.500015       1.26154804
 135.000015       0.93183053
 135.500015       0.57391596
 136.000015       0.18481366
 136.500015      -0.23901971
 137.000015      -0.70179439
 137.500015      -1.20866191
 138.000015      -1.76590848
 138.500015      -2.38139176
 139.000015      -3.06502843
 139.500015      -3.82956743
 140.000015      -4.69186211
 140.500015      -5.67465401
 141.000000      -6.80958986
 141.500015      -8.14227486
 142.000015      -9.74051571
 142.500015     -11.70828056
 143.000015     -14.19854927
 143.500015     -17.33102608
 144.000015     -20.21447182
 144.500015     -19.29008675
 145.000015     -15.86674500
 145.500015     -12.79687691
 146.000015     -10.35129642
 146.500015      -8.36803818
 147.000015      -6.71179533
 147.500015      -5.29345036
 148.000015      -4.05439806
 148.500015      -2.95481253
 149.000015      -1.96673620
 149.500015      -1.06978273
 150.000015      -0.24873126
 150.500015       0.50805724
 151.000015       1.20970261
 151.500015       1.86340797
 152.000015       2.47503567
 152.500015       3.04938316
 153.000015       3.59043217
 153.500015       4.10148907
 154.000015       4.58538532
 154.500015       5.04451799
 155.000015       5.48095703
 155.500015       5.89650440
 156.000015       6.29269648
 156.500015       6.67090988
 157.000015       7.03235388
 157.500015       7.37809277
 158.000015       7.70908356
 158.500015       8.02615166
 159.000015       8.33007240
 159.500015       8.62152863
 160.000015       8.90113926
 160.500015       9.16945267
 161.000015       9.42698002
 161.500015       9.67418575
 162.000015       9.91149139
 162.500015      10.13928223
 163.000015      10.35790348
 163.500015      10.56768227
 164.000015      10.76891708
 164.500015      10.96188068
 165.000015      11.14683151
 165.500015      11.32398987
 166.000015      11.49357986
 166.500015      11.65580177
 167.000015      11.81083775
 167.500015      11.95885754
 168.000015      12.10001850
 168.500015      12.23446846
 169.000015      12.36234283
 169.500031      12.48377609
 170.000015      12.59886742
 170.500015      12.70773983
 171.000015      12.81048775
 171.500015      12.90720081
 172.000031      12.99797440
 172.500015      13.08287811
 173.000015      13.16198921
 173.500015      13.23536968
 174.000015      13.30308342
 174.500015      13.36518860
 175.000015      13.42173004
 175.500015      13.47274971
 176.000015      13.51829529
 176.500015      13.55840111
 177.000015      13.59309769
 177.500015      13.62240887
 178.000015      13.64635849
 178.500015      13.66496563
 179.000031      13.67824459
 179.500015      13.68620396
 180.000015      13.68885422
