   0.000000      0.820245E+01
   0.500000      0.819780E+01
   1.000000      0.818376E+01
   1.500000      0.816040E+01
   2.000000      0.812778E+01
   2.500000      0.808600E+01
   3.000000      0.803520E+01
   3.500000      0.797555E+01
   4.000000      0.790724E+01
   4.500000      0.783048E+01
   5.000000      0.774553E+01
   5.500000      0.765263E+01
   6.000000      0.755211E+01
   6.500001      0.744425E+01
   7.000000      0.732941E+01
   7.500001      0.720793E+01
   8.000001      0.708019E+01
   8.500001      0.694656E+01
   9.000001      0.680745E+01
   9.500001      0.666328E+01
  10.000001      0.651447E+01
  10.500001      0.636144E+01
  11.000001      0.620463E+01
  11.500002      0.604448E+01
  12.000001      0.588143E+01
  12.500001      0.571594E+01
  13.000002      0.554843E+01
  13.500001      0.537935E+01
  14.000001      0.520913E+01
  14.500002      0.503820E+01
  15.000002      0.486697E+01
  15.500001      0.469585E+01
  16.000002      0.452523E+01
  16.500002      0.435551E+01
  17.000002      0.418704E+01
  17.500002      0.402018E+01
  18.000002      0.385526E+01
  18.500002      0.369260E+01
  19.000002      0.353249E+01
  19.500002      0.337523E+01
  20.000002      0.322105E+01
  20.500002      0.307021E+01
  21.000002      0.292292E+01
  21.500004      0.277936E+01
  22.000002      0.263973E+01
  22.500002      0.250415E+01
  23.000004      0.237278E+01
  23.500002      0.224570E+01
  24.000002      0.212302E+01
  24.500004      0.200479E+01
  25.000002      0.189107E+01
  25.500002      0.178187E+01
  26.000004      0.167721E+01
  26.500002      0.157709E+01
  27.000002      0.148146E+01
  27.500004      0.139028E+01
  28.000002      0.130351E+01
  28.500002      0.122106E+01
  29.000004      0.114285E+01
  29.500004      0.106878E+01
  30.000004      0.998743E+00
  30.500002      0.932624E+00
  31.000002      0.870296E+00
  31.500002      0.811625E+00
  32.000004      0.756474E+00
  32.500004      0.704698E+00
  33.000004      0.656152E+00
  33.500004      0.610686E+00
  34.000004      0.568150E+00
  34.500004      0.528394E+00
  35.000004      0.491269E+00
  35.500004      0.456628E+00
  36.000004      0.424325E+00
  36.500004      0.394221E+00
  37.000004      0.366179E+00
  37.500004      0.340066E+00
  38.000004      0.315759E+00
  38.500004      0.293138E+00
  39.000004      0.272090E+00
  39.500004      0.252510E+00
  40.000004      0.234302E+00
  40.500004      0.217374E+00
  41.000004      0.201646E+00
  41.500004      0.187042E+00
  42.000004      0.173498E+00
  42.500004      0.160955E+00
  43.000008      0.149363E+00
  43.500004      0.138681E+00
  44.000004      0.128872E+00
  44.500004      0.119909E+00
  45.000004      0.111770E+00
  45.500004      0.104439E+00
  46.000008      0.979091E-01
  46.500004      0.921737E-01
  47.000004      0.872342E-01
  47.500004      0.830948E-01
  48.000004      0.797637E-01
  48.500004      0.772520E-01
  49.000008      0.755726E-01
  49.500008      0.747406E-01
  50.000004      0.747716E-01
  50.500004      0.756820E-01
  51.000004      0.774878E-01
  51.500004      0.802037E-01
  52.000008      0.838438E-01
  52.500008      0.884202E-01
  53.000004      0.939409E-01
  53.500004      0.100413E+00
  54.000004      0.107839E+00
  54.500004      0.116219E+00
  55.000008      0.125545E+00
  55.500008      0.135809E+00
  56.000004      0.146996E+00
  56.500004      0.159086E+00
  57.000004      0.172054E+00
  57.500008      0.185869E+00
  58.000008      0.200496E+00
  58.500004      0.215893E+00
  59.000008      0.232015E+00
  59.500004      0.248807E+00
  60.000008      0.266213E+00
  60.500004      0.284172E+00
  61.000004      0.302615E+00
  61.500008      0.321472E+00
  62.000004      0.340666E+00
  62.500008      0.360118E+00
  63.000004      0.379745E+00
  63.500008      0.399460E+00
  64.000008      0.419176E+00
  64.500000      0.438801E+00
  65.000008      0.458244E+00
  65.500008      0.477413E+00
  66.000008      0.496211E+00
  66.500008      0.514548E+00
  67.000008      0.532329E+00
  67.500008      0.549465E+00
  68.000008      0.565863E+00
  68.500008      0.581440E+00
  69.000008      0.596109E+00
  69.500008      0.609790E+00
  70.000008      0.622408E+00
  70.500000      0.633888E+00
  71.000008      0.644168E+00
  71.500008      0.653182E+00
  72.000008      0.660878E+00
  72.500008      0.667207E+00
  73.000008      0.672125E+00
  73.500008      0.675601E+00
  74.000008      0.677604E+00
  74.500008      0.678120E+00
  75.000008      0.677132E+00
  75.500008      0.674640E+00
  76.000008      0.670649E+00
  76.500008      0.665172E+00
  77.000008      0.658232E+00
  77.500008      0.649861E+00
  78.000008      0.640096E+00
  78.500008      0.628985E+00
  79.000008      0.616586E+00
  79.500008      0.602961E+00
  80.000008      0.588182E+00
  80.500008      0.572330E+00
  81.000008      0.555493E+00
  81.500008      0.537763E+00
  82.000008      0.519242E+00
  82.500008      0.500036E+00
  83.000008      0.480260E+00
  83.500008      0.460032E+00
  84.000008      0.439473E+00
  84.500008      0.418713E+00
  85.000008      0.397884E+00
  85.500008      0.377119E+00
  86.000015      0.356556E+00
  86.500008      0.336337E+00
  87.000008      0.316601E+00
  87.500008      0.297490E+00
  88.000008      0.279147E+00
  88.500008      0.261714E+00
  89.000008      0.245332E+00
  89.500015      0.230141E+00
  90.000008      0.216278E+00
  90.500008      0.203877E+00
  91.000008      0.193068E+00
  91.500008      0.183980E+00
  92.000015      0.176733E+00
  92.500008      0.171446E+00
  93.000008      0.168229E+00
  93.500008      0.167187E+00
  94.000008      0.168418E+00
  94.500008      0.172014E+00
  95.000008      0.178057E+00
  95.500015      0.186622E+00
  96.000008      0.197776E+00
  96.500008      0.211576E+00
  97.000008      0.228069E+00
  97.500008      0.247295E+00
  98.000015      0.269282E+00
  98.500008      0.294049E+00
  99.000015      0.321602E+00
  99.500008      0.351940E+00
 100.000008      0.385048E+00
 100.500008      0.420905E+00
 101.000008      0.459473E+00
 101.500015      0.500706E+00
 102.000008      0.544548E+00
 102.500008      0.590930E+00
 103.000008      0.639774E+00
 103.500008      0.690988E+00
 104.000015      0.744474E+00
 104.500008      0.800119E+00
 105.000015      0.857802E+00
 105.500008      0.917391E+00
 106.000008      0.978744E+00
 106.500015      0.104171E+01
 107.000008      0.110613E+01
 107.500015      0.117184E+01
 108.000008      0.123865E+01
 108.500015      0.130638E+01
 109.000008      0.137483E+01
 109.500008      0.144381E+01
 110.000015      0.151311E+01
 110.500008      0.158251E+01
 111.000015      0.165179E+01
 111.500008      0.172073E+01
 112.000008      0.178911E+01
 112.500015      0.185668E+01
 113.000008      0.192322E+01
 113.500015      0.198849E+01
 114.000008      0.205224E+01
 114.500015      0.211424E+01
 115.000015      0.217425E+01
 115.500015      0.223204E+01
 116.000015      0.228736E+01
 116.500008      0.233998E+01
 117.000008      0.238967E+01
 117.500015      0.243621E+01
 118.000015      0.247937E+01
 118.500015      0.251896E+01
 119.000008      0.255474E+01
 119.500008      0.258654E+01
 120.000015      0.261416E+01
 120.500015      0.263744E+01
 121.000008      0.265619E+01
 121.500008      0.267026E+01
 122.000008      0.267954E+01
 122.500015      0.268387E+01
 123.000015      0.268317E+01
 123.500008      0.267733E+01
 124.000008      0.266629E+01
 124.500015      0.264998E+01
 125.000015      0.262838E+01
 125.500015      0.260147E+01
 126.000008      0.256926E+01
 126.500008      0.253177E+01
 127.000015      0.248906E+01
 127.500015      0.244122E+01
 128.000015      0.238833E+01
 128.500015      0.233054E+01
 129.000000      0.226799E+01
 129.500015      0.220086E+01
 130.000015      0.212936E+01
 130.500015      0.205373E+01
 131.000015      0.197423E+01
 131.500000      0.189114E+01
 132.000015      0.180478E+01
 132.500015      0.171551E+01
 133.000015      0.162369E+01
 133.500015      0.152972E+01
 134.000015      0.143403E+01
 134.500015      0.133707E+01
 135.000015      0.123932E+01
 135.500015      0.114128E+01
 136.000015      0.104347E+01
 136.500015      0.946451E+00
 137.000015      0.850786E+00
 137.500015      0.757066E+00
 138.000015      0.665900E+00
 138.500015      0.577911E+00
 139.000015      0.493739E+00
 139.500015      0.414041E+00
 140.000015      0.339480E+00
 140.500015      0.270729E+00
 141.000000      0.208469E+00
 141.500015      0.153381E+00
 142.000015      0.106157E+00
 142.500015      0.674795E-01
 143.000015      0.380316E-01
 143.500015      0.184883E-01
 144.000015      0.951816E-02
 144.500015      0.117758E-01
 145.000015      0.259015E-01
 145.500015      0.525185E-01
 146.000015      0.922296E-01
 146.500015      0.145612E+00
 147.000015      0.213216E+00
 147.500015      0.295566E+00
 148.000015      0.393152E+00
 148.500015      0.506429E+00
 149.000015      0.635809E+00
 149.500015      0.781667E+00
 150.000015      0.944337E+00
 150.500015      0.112410E+01
 151.000015      0.132121E+01
 151.500015      0.153582E+01
 152.000015      0.176809E+01
 152.500015      0.201808E+01
 153.000015      0.228583E+01
 153.500015      0.257128E+01
 154.000015      0.287434E+01
 154.500015      0.319486E+01
 155.000015      0.353261E+01
 155.500015      0.388732E+01
 156.000015      0.425863E+01
 156.500015      0.464613E+01
 157.000015      0.504935E+01
 157.500015      0.546776E+01
 158.000015      0.590077E+01
 158.500015      0.634768E+01
 159.000015      0.680781E+01
 159.500015      0.728036E+01
 160.000015      0.776451E+01
 160.500015      0.825934E+01
 161.000015      0.876391E+01
 161.500015      0.927724E+01
 162.000015      0.979826E+01
 162.500015      0.103259E+02
 163.000015      0.108590E+02
 163.500015      0.113964E+02
 164.000015      0.119369E+02
 164.500015      0.124792E+02
 165.000015      0.130222E+02
 165.500015      0.135643E+02
 166.000015      0.141045E+02
 166.500015      0.146413E+02
 167.000015      0.151734E+02
 167.500015      0.156995E+02
 168.000015      0.162182E+02
 168.500015      0.167281E+02
 169.000015      0.172280E+02
 169.500031      0.177165E+02
 170.000015      0.181923E+02
 170.500015      0.186541E+02
 171.000015      0.191007E+02
 171.500015      0.195308E+02
 172.000031      0.199433E+02
 172.500015      0.203370E+02
 173.000015      0.207109E+02
 173.500015      0.210638E+02
 174.000015      0.213948E+02
 174.500015      0.217030E+02
 175.000015      0.219874E+02
 175.500015      0.222472E+02
 176.000015      0.224817E+02
 176.500015      0.226903E+02
 177.000015      0.228723E+02
 177.500015      0.230272E+02
 178.000015      0.231545E+02
 178.500015      0.232539E+02
 179.000031      0.233251E+02
 179.500015      0.233679E+02
 180.000015      0.233822E+02
