   0.000000      0.892455E+01
   0.500000      0.892042E+01
   1.000000      0.890679E+01
   1.500000      0.888372E+01
   2.000000      0.885125E+01
   2.500000      0.880951E+01
   3.000000      0.875864E+01
   3.500000      0.869878E+01
   4.000000      0.863013E+01
   4.500000      0.855292E+01
   5.000000      0.846739E+01
   5.500000      0.837381E+01
   6.000000      0.827248E+01
   6.500001      0.816371E+01
   7.000000      0.804785E+01
   7.500001      0.792527E+01
   8.000001      0.779634E+01
   8.500001      0.766146E+01
   9.000001      0.752104E+01
   9.500001      0.737553E+01
  10.000001      0.722535E+01
  10.500001      0.707096E+01
  11.000001      0.691283E+01
  11.500002      0.675142E+01
  12.000001      0.658720E+01
  12.500001      0.642066E+01
  13.000002      0.625228E+01
  13.500001      0.608253E+01
  14.000001      0.591188E+01
  14.500002      0.574082E+01
  15.000002      0.556979E+01
  15.500001      0.539928E+01
  16.000002      0.522971E+01
  16.500002      0.506154E+01
  17.000002      0.489518E+01
  17.500002      0.473104E+01
  18.000002      0.456951E+01
  18.500002      0.441098E+01
  19.000002      0.425580E+01
  19.500002      0.410431E+01
  20.000002      0.395682E+01
  20.500002      0.381363E+01
  21.000002      0.367500E+01
  21.500004      0.354118E+01
  22.000002      0.341240E+01
  22.500002      0.328885E+01
  23.000004      0.317070E+01
  23.500002      0.305809E+01
  24.000002      0.295114E+01
  24.500004      0.284994E+01
  25.000002      0.275455E+01
  25.500002      0.266501E+01
  26.000004      0.258133E+01
  26.500002      0.250349E+01
  27.000002      0.243145E+01
  27.500004      0.236514E+01
  28.000002      0.230448E+01
  28.500002      0.224934E+01
  29.000004      0.219959E+01
  29.500004      0.215506E+01
  30.000004      0.211559E+01
  30.500002      0.208096E+01
  31.000002      0.205095E+01
  31.500002      0.202534E+01
  32.000004      0.200387E+01
  32.500004      0.198628E+01
  33.000004      0.197228E+01
  33.500004      0.196159E+01
  34.000004      0.195390E+01
  34.500004      0.194892E+01
  35.000004      0.194632E+01
  35.500004      0.194580E+01
  36.000004      0.194702E+01
  36.500004      0.194967E+01
  37.000004      0.195342E+01
  37.500004      0.195797E+01
  38.000004      0.196298E+01
  38.500004      0.196815E+01
  39.000004      0.197318E+01
  39.500004      0.197778E+01
  40.000004      0.198165E+01
  40.500004      0.198452E+01
  41.000004      0.198614E+01
  41.500004      0.198626E+01
  42.000004      0.198465E+01
  42.500004      0.198109E+01
  43.000008      0.197539E+01
  43.500004      0.196737E+01
  44.000004      0.195687E+01
  44.500004      0.194376E+01
  45.000004      0.192791E+01
  45.500004      0.190924E+01
  46.000008      0.188766E+01
  46.500004      0.186314E+01
  47.000004      0.183564E+01
  47.500004      0.180515E+01
  48.000004      0.177170E+01
  48.500004      0.173533E+01
  49.000008      0.169610E+01
  49.500008      0.165410E+01
  50.000004      0.160944E+01
  50.500004      0.156225E+01
  51.000004      0.151268E+01
  51.500004      0.146091E+01
  52.000008      0.140712E+01
  52.500008      0.135153E+01
  53.000004      0.129437E+01
  53.500004      0.123588E+01
  54.000004      0.117632E+01
  54.500004      0.111596E+01
  55.000008      0.105511E+01
  55.500008      0.994046E+00
  56.000004      0.933087E+00
  56.500004      0.872550E+00
  57.000004      0.812758E+00
  57.500008      0.754043E+00
  58.000008      0.696739E+00
  58.500004      0.641182E+00
  59.000008      0.587706E+00
  59.500004      0.536647E+00
  60.000008      0.488337E+00
  60.500004      0.443102E+00
  61.000004      0.401262E+00
  61.500008      0.363128E+00
  62.000004      0.329002E+00
  62.500008      0.299173E+00
  63.000004      0.273919E+00
  63.500008      0.253500E+00
  64.000008      0.238162E+00
  64.500000      0.228132E+00
  65.000008      0.223616E+00
  65.500008      0.224804E+00
  66.000008      0.231858E+00
  66.500008      0.244923E+00
  67.000008      0.264116E+00
  67.500008      0.289529E+00
  68.000008      0.321231E+00
  68.500008      0.359262E+00
  69.000008      0.403633E+00
  69.500008      0.454334E+00
  70.000008      0.511319E+00
  70.500000      0.574517E+00
  71.000008      0.643832E+00
  71.500008      0.719134E+00
  72.000008      0.800269E+00
  72.500008      0.887050E+00
  73.000008      0.979270E+00
  73.500008      0.107669E+01
  74.000008      0.117904E+01
  74.500008      0.128604E+01
  75.000008      0.139737E+01
  75.500008      0.151270E+01
  76.000008      0.163166E+01
  76.500008      0.175389E+01
  77.000008      0.187897E+01
  77.500008      0.200650E+01
  78.000008      0.213604E+01
  78.500008      0.226715E+01
  79.000008      0.239937E+01
  79.500008      0.253223E+01
  80.000008      0.266527E+01
  80.500008      0.279800E+01
  81.000008      0.292993E+01
  81.500008      0.306059E+01
  82.000008      0.318948E+01
  82.500008      0.331613E+01
  83.000008      0.344006E+01
  83.500008      0.356081E+01
  84.000008      0.367792E+01
  84.500008      0.379094E+01
  85.000008      0.389945E+01
  85.500008      0.400304E+01
  86.000015      0.410130E+01
  86.500008      0.419388E+01
  87.000008      0.428043E+01
  87.500008      0.436062E+01
  88.000008      0.443416E+01
  88.500008      0.450078E+01
  89.000008      0.456025E+01
  89.500015      0.461238E+01
  90.000008      0.465698E+01
  90.500008      0.469392E+01
  91.000008      0.472311E+01
  91.500008      0.474449E+01
  92.000015      0.475802E+01
  92.500008      0.476374E+01
  93.000008      0.476168E+01
  93.500008      0.475193E+01
  94.000008      0.473464E+01
  94.500008      0.470995E+01
  95.000008      0.467808E+01
  95.500015      0.463927E+01
  96.000008      0.459379E+01
  96.500008      0.454197E+01
  97.000008      0.448413E+01
  97.500008      0.442067E+01
  98.000015      0.435200E+01
  98.500008      0.427854E+01
  99.000015      0.420077E+01
  99.500008      0.411918E+01
 100.000008      0.403428E+01
 100.500008      0.394661E+01
 101.000008      0.385672E+01
 101.500015      0.376517E+01
 102.000008      0.367255E+01
 102.500008      0.357943E+01
 103.000008      0.348642E+01
 103.500008      0.339412E+01
 104.000015      0.330311E+01
 104.500008      0.321401E+01
 105.000015      0.312738E+01
 105.500008      0.304383E+01
 106.000008      0.296390E+01
 106.500015      0.288816E+01
 107.000008      0.281713E+01
 107.500015      0.275132E+01
 108.000008      0.269122E+01
 108.500015      0.263729E+01
 109.000008      0.258996E+01
 109.500008      0.254961E+01
 110.000015      0.251662E+01
 110.500008      0.249129E+01
 111.000015      0.247391E+01
 111.500008      0.246472E+01
 112.000008      0.246391E+01
 112.500015      0.247164E+01
 113.000008      0.248801E+01
 113.500015      0.251308E+01
 114.000008      0.254685E+01
 114.500015      0.258929E+01
 115.000015      0.264031E+01
 115.500015      0.269976E+01
 116.000015      0.276747E+01
 116.500008      0.284320E+01
 117.000008      0.292668E+01
 117.500015      0.301756E+01
 118.000015      0.311549E+01
 118.500015      0.322006E+01
 119.000008      0.333079E+01
 119.500008      0.344722E+01
 120.000015      0.356880E+01
 120.500015      0.369498E+01
 121.000008      0.382516E+01
 121.500008      0.395873E+01
 122.000008      0.409505E+01
 122.500015      0.423345E+01
 123.000015      0.437326E+01
 123.500008      0.451378E+01
 124.000008      0.465432E+01
 124.500015      0.479418E+01
 125.000015      0.493265E+01
 125.500015      0.506904E+01
 126.000008      0.520266E+01
 126.500008      0.533282E+01
 127.000015      0.545889E+01
 127.500015      0.558021E+01
 128.000015      0.569617E+01
 128.500015      0.580620E+01
 129.000000      0.590974E+01
 129.500015      0.600630E+01
 130.000015      0.609541E+01
 130.500015      0.617663E+01
 131.000015      0.624961E+01
 131.500000      0.631402E+01
 132.000015      0.636959E+01
 132.500015      0.641612E+01
 133.000015      0.645346E+01
 133.500015      0.648151E+01
 134.000015      0.650027E+01
 134.500015      0.650976E+01
 135.000015      0.651010E+01
 135.500015      0.650146E+01
 136.000015      0.648407E+01
 136.500015      0.645825E+01
 137.000015      0.642436E+01
 137.500015      0.638285E+01
 138.000015      0.633421E+01
 138.500015      0.627901E+01
 139.000015      0.621788E+01
 139.500015      0.615148E+01
 140.000015      0.608058E+01
 140.500015      0.600594E+01
 141.000000      0.592842E+01
 141.500015      0.584888E+01
 142.000015      0.576826E+01
 142.500015      0.568753E+01
 143.000015      0.560767E+01
 143.500015      0.552969E+01
 144.000015      0.545465E+01
 144.500015      0.538361E+01
 145.000015      0.531764E+01
 145.500015      0.525781E+01
 146.000015      0.520520E+01
 146.500015      0.516088E+01
 147.000015      0.512592E+01
 147.500015      0.510136E+01
 148.000015      0.508822E+01
 148.500015      0.508750E+01
 149.000015      0.510015E+01
 149.500015      0.512709E+01
 150.000015      0.516920E+01
 150.500015      0.522730E+01
 151.000015      0.530216E+01
 151.500015      0.539448E+01
 152.000015      0.550491E+01
 152.500015      0.563402E+01
 153.000015      0.578231E+01
 153.500015      0.595019E+01
 154.000015      0.613801E+01
 154.500015      0.634602E+01
 155.000015      0.657440E+01
 155.500015      0.682323E+01
 156.000015      0.709249E+01
 156.500015      0.738208E+01
 157.000015      0.769182E+01
 157.500015      0.802139E+01
 158.000015      0.837045E+01
 158.500015      0.873849E+01
 159.000015      0.912495E+01
 159.500015      0.952917E+01
 160.000015      0.995042E+01
 160.500015      0.103878E+02
 161.000015      0.108405E+02
 161.500015      0.113074E+02
 162.000015      0.117875E+02
 162.500015      0.122795E+02
 163.000015      0.127824E+02
 163.500015      0.132947E+02
 164.000015      0.138152E+02
 164.500015      0.143424E+02
 165.000015      0.148748E+02
 165.500015      0.154109E+02
 166.000015      0.159493E+02
 166.500015      0.164882E+02
 167.000015      0.170262E+02
 167.500015      0.175615E+02
 168.000015      0.180926E+02
 168.500015      0.186177E+02
 169.000015      0.191353E+02
 169.500031      0.196437E+02
 170.000015      0.201413E+02
 170.500015      0.206265E+02
 171.000015      0.210976E+02
 171.500015      0.215532E+02
 172.000031      0.219918E+02
 172.500015      0.224119E+02
 173.000015      0.228120E+02
 173.500015      0.231910E+02
 174.000015      0.235474E+02
 174.500015      0.238801E+02
 175.000015      0.241879E+02
 175.500015      0.244698E+02
 176.000015      0.247249E+02
 176.500015      0.249523E+02
 177.000015      0.251511E+02
 177.500015      0.253207E+02
 178.000015      0.254606E+02
 178.500015      0.255702E+02
 179.000031      0.256491E+02
 179.500015      0.256971E+02
 180.000015      0.257141E+02
