   0.000000       9.50586224
   0.500000       9.50385284
   1.000000       9.49721241
   1.500000       9.48594666
   2.000000       9.47004604
   2.500000       9.44951916
   3.000000       9.42436409
   3.500000       9.39458084
   4.000000       9.36017609
   4.500000       9.32114410
   5.000000       9.27749538
   5.500000       9.22923088
   6.000000       9.17635536
   6.500001       9.11887741
   7.000000       9.05679893
   7.500001       8.99013901
   8.000001       8.91890526
   8.500001       8.84311295
   9.000001       8.76277828
   9.500001       8.67792988
  10.000001       8.58858585
  10.500001       8.49478531
  11.000001       8.39655876
  11.500002       8.29394913
  12.000001       8.18701172
  12.500001       8.07579994
  13.000002       7.96038580
  13.500001       7.84084225
  14.000001       7.71725750
  14.500002       7.58973646
  15.000002       7.45839119
  15.500001       7.32335615
  16.000002       7.18477774
  16.500002       7.04282331
  17.000002       6.89768410
  17.500002       6.74956274
  18.000002       6.59870100
  18.500002       6.44535494
  19.000002       6.28981543
  19.500002       6.13240051
  20.000002       5.97346210
  20.500002       5.81338024
  21.000002       5.65257168
  21.500004       5.49148369
  22.000002       5.33060503
  22.500002       5.17044163
  23.000004       5.01154900
  23.500002       4.85450172
  24.000002       4.69989586
  24.500004       4.54835367
  25.000002       4.40050650
  25.500002       4.25698757
  26.000004       4.11843014
  26.500002       3.98545742
  27.000002       3.85865068
  27.500004       3.73857450
  28.000002       3.62572718
  28.500002       3.52054882
  29.000004       3.42341065
  29.500004       3.33460140
  30.000004       3.25430775
  30.500002       3.18263006
  31.000002       3.11955929
  31.500002       3.06498623
  32.000004       3.01870227
  32.500004       2.98039794
  33.000004       2.94968009
  33.500004       2.92607164
  34.000004       2.90902710
  34.500004       2.89793468
  35.000004       2.89214659
  35.500004       2.89097404
  36.000004       2.89370203
  36.500004       2.89960885
  37.000004       2.90796733
  37.500004       2.91805363
  38.000004       2.92915726
  38.500004       2.94058800
  39.000004       2.95167232
  39.500004       2.96177149
  40.000004       2.97026420
  40.500004       2.97656345
  41.000004       2.98010945
  41.500004       2.98037148
  42.000004       2.97684240
  42.500004       2.96905017
  43.000008       2.95653796
  43.500004       2.93886781
  44.000004       2.91562843
  44.500004       2.88642669
  45.000004       2.85087466
  45.500004       2.80860448
  46.000008       2.75924563
  46.500004       2.70245528
  47.000004       2.63786793
  47.500004       2.56513548
  48.000004       2.48390412
  48.500004       2.39381886
  49.000008       2.29451656
  49.500008       2.18562102
  50.000004       2.06675363
  50.500004       1.93750763
  51.000004       1.79747486
  51.500004       1.64622808
  52.000008       1.48331428
  52.500008       1.30825758
  53.000004       1.12057972
  53.500004       0.91975099
  54.000004       0.70524633
  54.500004       0.47650349
  55.000008       0.23296945
  55.500008      -0.02593712
  56.000004      -0.30077866
  56.500004      -0.59209907
  57.000004      -0.90038764
  57.500008      -1.22603786
  58.000008      -1.56929839
  58.500004      -1.93018961
  59.000008      -2.30840063
  59.500004      -2.70311332
  60.000008      -3.11280775
  60.500004      -3.53496552
  61.000004      -3.96572113
  61.500008      -4.39940643
  62.000004      -4.82801580
  62.500008      -5.24077225
  63.000004      -5.62377882
  63.500008      -5.96021748
  64.000008      -6.23127079
  64.500000      -6.41814470
  65.000008      -6.50496864
  65.500008      -6.48196507
  66.000008      -6.34777164
  66.500008      -6.10969973
  67.000008      -5.78205109
  67.500008      -5.38307238
  68.000008      -4.93182850
  68.500008      -4.44589233
  69.000008      -3.94012976
  69.500008      -3.42624927
  70.000008      -2.91308403
  70.500000      -2.40696812
  71.000008      -1.91227186
  71.500008      -1.43190026
  72.000008      -0.96764100
  72.500008      -0.52051884
  73.000008      -0.09097479
  73.500008       0.32089990
  74.000008       0.71528965
  74.500008       1.09254742
  75.000008       1.45311964
  75.500008       1.79752767
  76.000008       2.12630773
  76.500008       2.44001651
  77.000008       2.73919702
  77.500008       3.02438235
  78.000008       3.29608583
  78.500008       3.55479336
  79.000008       3.80096626
  79.500008       4.03503466
  80.000008       4.25741243
  80.500008       4.46847153
  81.000008       4.66856861
  81.500008       4.85804462
  82.000008       5.03719521
  82.500008       5.20631218
  83.000008       5.36566162
  83.500008       5.51548576
  84.000008       5.65601921
  84.500008       5.78746891
  85.000008       5.91003418
  85.500008       6.02389383
  86.000015       6.12921953
  86.500008       6.22616386
  87.000008       6.31487370
  87.500008       6.39548206
  88.000008       6.46811008
  88.500008       6.53287888
  89.000008       6.58989048
  89.500015       6.63924694
  90.000008       6.68104076
  90.500008       6.71535492
  91.000008       6.74228001
  91.500008       6.76189327
  92.000015       6.77426720
  92.500008       6.77947760
  93.000008       6.77759838
  93.500008       6.76870155
  94.000008       6.75286579
  94.500008       6.73016310
  95.000008       6.70067692
  95.500015       6.66449547
  96.000008       6.62171555
  96.500008       6.57243776
  97.000008       6.51678514
  97.500008       6.45488358
  98.000015       6.38688517
  98.500008       6.31295490
  99.000015       6.23328924
  99.500008       6.14810896
 100.000008       6.05766296
 100.500008       5.96224403
 101.000008       5.86217976
 101.500015       5.75784588
 102.000008       5.64967203
 102.500008       5.53813934
 103.000008       5.42380047
 103.500008       5.30727005
 104.000015       5.18923521
 104.500008       5.07046938
 105.000015       4.95181322
 105.500008       4.83420038
 106.000008       4.71863794
 106.500015       4.60620499
 107.000008       4.49806452
 107.500015       4.39540815
 108.000008       4.29949760
 108.500015       4.21158409
 109.000008       4.13293076
 109.500008       4.06474495
 110.000015       4.00817013
 110.500008       3.96423864
 111.000015       3.93383718
 111.500008       3.91767383
 112.000008       3.91625595
 112.500015       3.92985845
 113.000008       3.95852900
 113.500015       4.00206423
 114.000008       4.06003857
 114.500015       4.13180923
 115.000015       4.21654320
 115.500015       4.31325626
 116.000015       4.42083263
 116.500008       4.53807783
 117.000008       4.66374493
 117.500015       4.79656267
 118.000015       4.93526745
 118.500015       5.07863569
 119.000008       5.22547817
 119.500008       5.37468815
 120.000015       5.52522659
 120.500015       5.67612076
 121.000008       5.82649946
 121.500008       5.97556210
 122.000008       6.12259007
 122.500015       6.26694679
 123.000015       6.40805054
 123.500008       6.54540491
 124.000008       6.67856312
 124.500015       6.80714655
 125.000015       6.93080664
 125.500015       7.04925823
 126.000008       7.16225243
 126.500008       7.26957226
 127.000015       7.37104034
 127.500015       7.46650219
 128.000015       7.55582857
 128.500015       7.63891697
 129.000000       7.71568537
 129.500015       7.78607273
 130.000015       7.85002708
 130.500015       7.90751743
 131.000015       7.95852757
 131.500000       8.00305748
 132.000015       8.04111671
 132.500015       8.07272530
 133.000015       8.09792423
 133.500015       8.11676502
 134.000015       8.12931633
 134.500015       8.13565159
 135.000015       8.13587761
 135.500015       8.13010597
 136.000015       8.11847687
 136.500015       8.10114956
 137.000015       8.07829952
 137.500015       8.05014610
 138.000015       8.01692581
 138.500015       7.97891331
 139.000015       7.93642092
 139.500015       7.88979769
 140.000015       7.83944893
 140.500015       7.78581047
 141.000000       7.72938728
 141.500015       7.67072868
 142.000015       7.61045074
 142.500015       7.54923439
 143.000015       7.48782063
 143.500015       7.42700863
 144.000015       7.36767197
 144.500015       7.31073904
 145.000015       7.25718594
 145.500015       7.20804596
 146.000015       7.16437054
 146.500015       7.12723637
 147.000015       7.09771824
 147.500015       7.07685995
 148.000015       7.06565905
 148.500015       7.06504107
 149.000015       7.07582664
 149.500015       7.09870911
 150.000015       7.13423204
 150.500015       7.18277264
 151.000015       7.24452734
 151.500015       7.31949759
 152.000015       7.40750265
 152.500015       7.50818491
 153.000015       7.62100983
 153.500015       7.74530649
 154.000015       7.88027668
 154.500015       8.02501774
 155.000015       8.17856216
 155.500015       8.33990192
 156.000015       8.50798798
 156.500015       8.68178844
 157.000015       8.86029053
 157.500015       9.04249859
 158.000015       9.22748947
 158.500015       9.41436481
 159.000015       9.60230637
 159.500015       9.79055214
 160.000015       9.97841358
 160.500015      10.16524792
 161.000015      10.35048485
 161.500015      10.53362465
 162.000015      10.71420479
 162.500015      10.89182377
 163.000015      11.06612396
 163.500015      11.23679638
 164.000015      11.40356827
 164.500015      11.56620502
 165.000015      11.72450542
 165.500015      11.87828922
 166.000015      12.02740765
 166.500015      12.17173958
 167.000015      12.31117249
 167.500015      12.44562149
 168.000015      12.57500648
 168.500015      12.69926834
 169.000015      12.81835938
 169.500031      12.93224335
 170.000015      13.04088020
 170.500015      13.14424896
 171.000015      13.24233627
 171.500015      13.33512402
 172.000031      13.42260933
 172.500015      13.50478172
 173.000015      13.58164024
 173.500015      13.65318680
 174.000015      13.71942329
 174.500015      13.78035545
 175.000015      13.83598328
 175.500015      13.88631058
 176.000015      13.93134880
 176.500015      13.97109985
 177.000015      14.00557327
 177.500015      14.03476524
 178.000015      14.05868340
 178.500015      14.07733536
 179.000031      14.09072495
 179.500015      14.09884548
 180.000015      14.10171127
