   0.000000       9.50049782
   0.500000       9.49829006
   1.000000       9.49121857
   1.500000       9.47928047
   2.000000       9.46247768
   2.500000       9.44080734
   3.000000       9.41426849
   3.500000       9.38285446
   4.000000       9.34656334
   4.500000       9.30539131
   5.000000       9.25933266
   5.500000       9.20838070
   6.000000       9.15253162
   6.500001       9.09177780
   7.000000       9.02611256
   7.500001       8.95552826
   8.000001       8.88001823
   8.500001       8.79957390
   9.000001       8.71418667
   9.500001       8.62384701
  10.000001       8.52854919
  10.500001       8.42828465
  11.000001       8.32304192
  11.500002       8.21281338
  12.000001       8.09759235
  12.500001       7.97737312
  13.000002       7.85214424
  13.500001       7.72189999
  14.000001       7.58663559
  14.500002       7.44634390
  15.000002       7.30102015
  15.500001       7.15066385
  16.000002       6.99526882
  16.500002       6.83483839
  17.000002       6.66937256
  17.500002       6.49886894
  18.000002       6.32333946
  18.500002       6.14278412
  19.000002       5.95721722
  19.500002       5.76664352
  20.000002       5.57108307
  20.500002       5.37055111
  21.000002       5.16506433
  21.500004       4.95465040
  22.000002       4.73933458
  22.500002       4.51914501
  23.000004       4.29411507
  23.500002       4.06428623
  24.000002       3.82969832
  24.500004       3.59039307
  25.000002       3.34642601
  25.500002       3.09784532
  26.000004       2.84470749
  26.500002       2.58707500
  27.000002       2.32500863
  27.500004       2.05857801
  28.000002       1.78784800
  28.500002       1.51289368
  29.000004       1.23378050
  29.500004       0.95058686
  30.000004       0.66338229
  30.500002       0.37224078
  31.000002       0.07722504
  31.500002      -0.22158405
  32.000004      -0.52413106
  32.500004      -0.83035320
  33.000004      -1.14019072
  33.500004      -1.45358968
  34.000004      -1.77049661
  34.500004      -2.09085941
  35.000004      -2.41462851
  35.500004      -2.74174333
  36.000004      -3.07213569
  36.500004      -3.40571880
  37.000004      -3.74237347
  37.500004      -4.08196020
  38.000004      -4.42425537
  38.500004      -4.76897192
  39.000004      -5.11572075
  39.500004      -5.46396828
  40.000004      -5.81301641
  40.500004      -6.16193247
  41.000004      -6.50952435
  41.500004      -6.85425758
  42.000004      -7.19418955
  42.500004      -7.52694082
  43.000008      -7.84957361
  43.500004      -8.15859890
  44.000004      -8.44998741
  44.500004      -8.71912575
  45.000004      -8.96099663
  45.500004      -9.17038441
  46.000008      -9.34207726
  46.500004      -9.47134304
  47.000004      -9.55425644
  47.500004      -9.58812046
  48.000004      -9.57175636
  48.500004      -9.50567150
  49.000008      -9.39202976
  49.500008      -9.23440742
  50.000004      -9.03751183
  50.500004      -8.80671597
  51.000004      -8.54769135
  51.500004      -8.26606846
  52.000008      -7.96715260
  52.500008      -7.65576601
  53.000004      -7.33615637
  53.500004      -7.01196671
  54.000004      -6.68628645
  54.500004      -6.36164856
  55.000008      -6.04011631
  55.500008      -5.72336292
  56.000004      -5.41270304
  56.500004      -5.10916615
  57.000004      -4.81354427
  57.500008      -4.52644014
  58.000008      -4.24831486
  58.500004      -3.97948003
  59.000008      -3.72017097
  59.500004      -3.47052789
  60.000008      -3.23064280
  60.500004      -3.00056124
  61.000004      -2.78028703
  61.500008      -2.56979561
  62.000004      -2.36905456
  62.500008      -2.17799950
  63.000004      -1.99658251
  63.500008      -1.82472062
  64.000008      -1.66234899
  64.500000      -1.50939107
  65.000008      -1.36578250
  65.500008      -1.23145092
  66.000008      -1.10633552
  66.500008      -0.99038416
  67.000008      -0.88353509
  67.500008      -0.78575516
  68.000008      -0.69700408
  68.500008      -0.61725265
  69.000008      -0.54647934
  69.500008      -0.48467892
  70.000008      -0.43184224
  70.500000      -0.38798150
  71.000008      -0.35311115
  71.500008      -0.32726771
  72.000008      -0.31047320
  72.500008      -0.30279127
  73.000008      -0.30427891
  73.500008      -0.31500515
  74.000008      -0.33505654
  74.500008      -0.36452746
  75.000008      -0.40353057
  75.500008      -0.45217746
  76.000008      -0.51062250
  76.500008      -0.57899475
  77.000008      -0.65747231
  77.500008      -0.74621445
  78.000008      -0.84542418
  78.500008      -0.95529962
  79.000008      -1.07605708
  79.500008      -1.20792222
  80.000008      -1.35112822
  80.500008      -1.50592828
  81.000008      -1.67256069
  81.500008      -1.85127449
  82.000008      -2.04230809
  82.500008      -2.24588108
  83.000008      -2.46218419
  83.500008      -2.69136715
  84.000008      -2.93349981
  84.500008      -3.18856144
  85.000008      -3.45640469
  85.500008      -3.73667526
  86.000015      -4.02878380
  86.500008      -4.33179283
  87.000008      -4.64433956
  87.500008      -4.96450329
  88.000008      -5.28960657
  88.500008      -5.61610174
  89.000008      -5.93937492
  89.500015      -6.25356722
  90.000008      -6.55144453
  90.500008      -6.82449150
  91.000008      -7.06307125
  91.500008      -7.25695038
  92.000015      -7.39608669
  92.500008      -7.47177076
  93.000008      -7.47769165
  93.500008      -7.41093349
  94.000008      -7.27244759
  94.500008      -7.06685829
  95.000008      -6.80180073
  95.500015      -6.48672342
  96.000008      -6.13185596
  96.500008      -5.74716759
  97.000008      -5.34174871
  97.500008      -4.92347193
  98.000015      -4.49882078
  98.500008      -4.07299900
  99.000015      -3.65002775
  99.500008      -3.23296165
 100.000008      -2.82404208
 100.500008      -2.42485738
 101.000008      -2.03651762
 101.500015      -1.65972972
 102.000008      -1.29492426
 102.500008      -0.94229847
 103.000008      -0.60190207
 103.500008      -0.27366769
 104.000015       0.04256112
 104.500008       0.34697795
 105.000015       0.63984185
 105.500008       0.92141283
 106.000008       1.19197261
 106.500015       1.45180690
 107.000008       1.70119262
 107.500015       1.94041371
 108.000008       2.16972685
 108.500015       2.38939786
 109.000008       2.59966350
 109.500008       2.80076075
 110.000015       2.99290395
 110.500008       3.17629433
 111.000015       3.35112143
 111.500008       3.51755977
 112.000008       3.67576885
 112.500015       3.82589769
 113.000008       3.96807456
 113.500015       4.10242128
 114.000008       4.22904396
 114.500015       4.34803772
 115.000015       4.45948410
 115.500015       4.56344223
 116.000015       4.65997887
 116.500008       4.74913406
 117.000008       4.83093786
 117.500015       4.90541315
 118.000015       4.97256041
 118.500015       5.03238106
 119.000008       5.08485222
 119.500008       5.12994051
 120.000015       5.16761208
 120.500015       5.19779634
 121.000008       5.22042942
 121.500008       5.23542213
 122.000008       5.24267292
 122.500015       5.24207115
 123.000015       5.23347092
 123.500008       5.21672916
 124.000008       5.19166422
 124.500015       5.15809107
 125.000015       5.11579466
 125.500015       5.06453466
 126.000008       5.00404358
 126.500008       4.93403244
 127.000015       4.85417080
 127.500015       4.76410341
 128.000015       4.66342831
 128.500015       4.55170202
 129.000000       4.42844439
 129.500015       4.29309416
 130.000015       4.14506340
 130.500015       3.98367119
 131.000015       3.80816221
 131.500000       3.61769629
 132.000015       3.41130996
 132.500015       3.18795013
 133.000015       2.94638824
 133.500015       2.68523645
 134.000015       2.40292025
 134.500015       2.09761119
 135.000015       1.76719666
 135.500015       1.40922010
 136.000015       1.02076566
 136.500015       0.59839326
 137.000015       0.13801211
 137.500015      -0.36540312
 138.000015      -0.91796213
 138.500015      -1.52732313
 139.000015      -2.20316672
 139.500015      -2.95798397
 140.000015      -3.80836821
 140.500015      -4.77689838
 141.000000      -5.89545250
 141.500015      -7.21102524
 142.000015      -8.79680061
 142.500015     -10.77554798
 143.000015     -13.37383366
 143.500015     -17.05940628
 144.000015     -22.62136269
 144.500015     -23.91408539
 145.000015     -17.91686630
 145.500015     -13.72347832
 146.000015     -10.78148937
 146.500015      -8.53604126
 147.000015      -6.72263575
 147.500015      -5.20158386
 148.000015      -3.89120317
 148.500015      -2.73979902
 149.000015      -1.71279383
 149.500015      -0.78582931
 150.000015       0.05883148
 150.500015       0.83450079
 151.000015       1.55144215
 151.500015       2.21765876
 152.000015       2.83961511
 152.500015       3.42253590
 153.000015       3.97074652
 153.500015       4.48779631
 154.000015       4.97672415
 154.500015       5.44008493
 155.000015       5.88008356
 155.500015       6.29861879
 156.000015       6.69731379
 156.500015       7.07761765
 157.000015       7.44079351
 157.500015       7.78796244
 158.000015       8.12012482
 158.500015       8.43813324
 159.000015       8.74280071
 159.500015       9.03483200
 160.000015       9.31486988
 160.500015       9.58348846
 161.000015       9.84120750
 161.500015      10.08851242
 162.000015      10.32583427
 162.500015      10.55357361
 163.000015      10.77208519
 163.500015      10.98170471
 164.000015      11.18273926
 164.500015      11.37546921
 165.000015      11.56015873
 165.500015      11.73703957
 166.000015      11.90633297
 166.500015      12.06824398
 167.000015      12.22296715
 167.500015      12.37067127
 168.000015      12.51151562
 168.500015      12.64565468
 169.000015      12.77322769
 169.500031      12.89436340
 170.000015      13.00917721
 170.500015      13.11778164
 171.000015      13.22027779
 171.500015      13.31676388
 172.000031      13.40732479
 172.500015      13.49204063
 173.000015      13.57098198
 173.500015      13.64422226
 174.000015      13.71181870
 174.500015      13.77383327
 175.000015      13.83030891
 175.500015      13.88129711
 176.000015      13.92683506
 176.500015      13.96696472
 177.000015      14.00171471
 177.500015      14.03111267
 178.000015      14.05517769
 178.500015      14.07393360
 179.000031      14.08739281
 179.500015      14.09556389
 180.000015      14.09845734
