   0.000000      0.891353E+01
   0.500000      0.890900E+01
   1.000000      0.889451E+01
   1.500000      0.887009E+01
   2.000000      0.883584E+01
   2.500000      0.879186E+01
   3.000000      0.873830E+01
   3.500000      0.867532E+01
   4.000000      0.860313E+01
   4.500000      0.852195E+01
   5.000000      0.843205E+01
   5.500000      0.833370E+01
   6.000000      0.822722E+01
   6.500001      0.811293E+01
   7.000000      0.799119E+01
   7.500001      0.786236E+01
   8.000001      0.772684E+01
   8.500001      0.758503E+01
   9.000001      0.743736E+01
   9.500001      0.728425E+01
  10.000001      0.712615E+01
  10.500001      0.696351E+01
  11.000001      0.679679E+01
  11.500002      0.662646E+01
  12.000001      0.645296E+01
  12.500001      0.627679E+01
  13.000002      0.609838E+01
  13.500001      0.591820E+01
  14.000001      0.573672E+01
  14.500002      0.555436E+01
  15.000002      0.537158E+01
  15.500001      0.518879E+01
  16.000002      0.500642E+01
  16.500002      0.482485E+01
  17.000002      0.464448E+01
  17.500002      0.446567E+01
  18.000002      0.428878E+01
  18.500002      0.411413E+01
  19.000002      0.394205E+01
  19.500002      0.377280E+01
  20.000002      0.360669E+01
  20.500002      0.344394E+01
  21.000002      0.328478E+01
  21.500004      0.312943E+01
  22.000002      0.297806E+01
  22.500002      0.283083E+01
  23.000004      0.268789E+01
  23.500002      0.254935E+01
  24.000002      0.241529E+01
  24.500004      0.228581E+01
  25.000002      0.216094E+01
  25.500002      0.204073E+01
  26.000004      0.192518E+01
  26.500002      0.181429E+01
  27.000002      0.170805E+01
  27.500004      0.160642E+01
  28.000002      0.150933E+01
  28.500002      0.141674E+01
  29.000004      0.132855E+01
  29.500004      0.124468E+01
  30.000004      0.116503E+01
  30.500002      0.108949E+01
  31.000002      0.101794E+01
  31.500002      0.950258E+00
  32.000004      0.886313E+00
  32.500004      0.825971E+00
  33.000004      0.769097E+00
  33.500004      0.715552E+00
  34.000004      0.665197E+00
  34.500004      0.617894E+00
  35.000004      0.573505E+00
  35.500004      0.531895E+00
  36.000004      0.492931E+00
  36.500004      0.456487E+00
  37.000004      0.422438E+00
  37.500004      0.390665E+00
  38.000004      0.361056E+00
  38.500004      0.333505E+00
  39.000004      0.307913E+00
  39.500004      0.284186E+00
  40.000004      0.262240E+00
  40.500004      0.241995E+00
  41.000004      0.223382E+00
  41.500004      0.206336E+00
  42.000004      0.190801E+00
  42.500004      0.176728E+00
  43.000008      0.164075E+00
  43.500004      0.152806E+00
  44.000004      0.142890E+00
  44.500004      0.134304E+00
  45.000004      0.127028E+00
  45.500004      0.121049E+00
  46.000008      0.116357E+00
  46.500004      0.112945E+00
  47.000004      0.110809E+00
  47.500004      0.109948E+00
  48.000004      0.110363E+00
  48.500004      0.112055E+00
  49.000008      0.115026E+00
  49.500008      0.119278E+00
  50.000004      0.124810E+00
  50.500004      0.131622E+00
  51.000004      0.139711E+00
  51.500004      0.149071E+00
  52.000008      0.159693E+00
  52.500008      0.171563E+00
  53.000004      0.184665E+00
  53.500004      0.198977E+00
  54.000004      0.214472E+00
  54.500004      0.231119E+00
  55.000008      0.248879E+00
  55.500008      0.267709E+00
  56.000004      0.287561E+00
  56.500004      0.308378E+00
  57.000004      0.330100E+00
  57.500008      0.352660E+00
  58.000008      0.375983E+00
  58.500004      0.399993E+00
  59.000008      0.424603E+00
  59.500004      0.449725E+00
  60.000008      0.475265E+00
  60.500004      0.501122E+00
  61.000004      0.527195E+00
  61.500008      0.553376E+00
  62.000004      0.579555E+00
  62.500008      0.605620E+00
  63.000004      0.631454E+00
  63.500008      0.656943E+00
  64.000008      0.681970E+00
  64.500000      0.706417E+00
  65.000008      0.730166E+00
  65.500008      0.753104E+00
  66.000008      0.775116E+00
  66.500008      0.796089E+00
  67.000008      0.815918E+00
  67.500008      0.834496E+00
  68.000008      0.851725E+00
  68.500008      0.867510E+00
  69.000008      0.881763E+00
  69.500008      0.894401E+00
  70.000008      0.905348E+00
  70.500000      0.914538E+00
  71.000008      0.921911E+00
  71.500008      0.927413E+00
  72.000008      0.931006E+00
  72.500008      0.932655E+00
  73.000008      0.932335E+00
  73.500008      0.930035E+00
  74.000008      0.925751E+00
  74.500008      0.919491E+00
  75.000008      0.911270E+00
  75.500008      0.901119E+00
  76.000008      0.889074E+00
  76.500008      0.875186E+00
  77.000008      0.859514E+00
  77.500008      0.842129E+00
  78.000008      0.823109E+00
  78.500008      0.802546E+00
  79.000008      0.780538E+00
  79.500008      0.757195E+00
  80.000008      0.732634E+00
  80.500008      0.706980E+00
  81.000008      0.680368E+00
  81.500008      0.652939E+00
  82.000008      0.624841E+00
  82.500008      0.596227E+00
  83.000008      0.567259E+00
  83.500008      0.538100E+00
  84.000008      0.508921E+00
  84.500008      0.479892E+00
  85.000008      0.451190E+00
  85.500008      0.422992E+00
  86.000015      0.395477E+00
  86.500008      0.368825E+00
  87.000008      0.343215E+00
  87.500008      0.318823E+00
  88.000008      0.295828E+00
  88.500008      0.274404E+00
  89.000008      0.254720E+00
  89.500015      0.236943E+00
  90.000008      0.221236E+00
  90.500008      0.207755E+00
  91.000008      0.196650E+00
  91.500008      0.188064E+00
  92.000015      0.182134E+00
  92.500008      0.178988E+00
  93.000008      0.178744E+00
  93.500008      0.181513E+00
  94.000008      0.187394E+00
  94.500008      0.196478E+00
  95.000008      0.208843E+00
  95.500015      0.224558E+00
  96.000008      0.243677E+00
  96.500008      0.266246E+00
  97.000008      0.292298E+00
  97.500008      0.321849E+00
  98.000015      0.354910E+00
  98.500008      0.391471E+00
  99.000015      0.431516E+00
  99.500008      0.475011E+00
 100.000008      0.521910E+00
 100.500008      0.572156E+00
 101.000008      0.625674E+00
 101.500015      0.682381E+00
 102.000008      0.742177E+00
 102.500008      0.804952E+00
 103.000008      0.870582E+00
 103.500008      0.938930E+00
 104.000015      0.100985E+01
 104.500008      0.108317E+01
 105.000015      0.115874E+01
 105.500008      0.123635E+01
 106.000008      0.131582E+01
 106.500015      0.139695E+01
 107.000008      0.147951E+01
 107.500015      0.156330E+01
 108.000008      0.164806E+01
 108.500015      0.173356E+01
 109.000008      0.181956E+01
 109.500008      0.190579E+01
 110.000015      0.199200E+01
 110.500008      0.207792E+01
 111.000015      0.216328E+01
 111.500008      0.224779E+01
 112.000008      0.233119E+01
 112.500015      0.241318E+01
 113.000008      0.249349E+01
 113.500015      0.257183E+01
 114.000008      0.264792E+01
 114.500015      0.272147E+01
 115.000015      0.279221E+01
 115.500015      0.285986E+01
 116.000015      0.292414E+01
 116.500008      0.298479E+01
 117.000008      0.304154E+01
 117.500015      0.309415E+01
 118.000015      0.314236E+01
 118.500015      0.318594E+01
 119.000008      0.322467E+01
 119.500008      0.325832E+01
 120.000015      0.328671E+01
 120.500015      0.330963E+01
 121.000008      0.332692E+01
 121.500008      0.333843E+01
 122.000008      0.334401E+01
 122.500015      0.334354E+01
 123.000015      0.333693E+01
 123.500008      0.332409E+01
 124.000008      0.330496E+01
 124.500015      0.327951E+01
 125.000015      0.324773E+01
 125.500015      0.320962E+01
 126.000008      0.316522E+01
 126.500008      0.311461E+01
 127.000015      0.305786E+01
 127.500015      0.299509E+01
 128.000015      0.292646E+01
 128.500015      0.285214E+01
 129.000000      0.277233E+01
 129.500015      0.268726E+01
 130.000015      0.259721E+01
 130.500015      0.250246E+01
 131.000015      0.240335E+01
 131.500000      0.230022E+01
 132.000015      0.219347E+01
 132.500015      0.208351E+01
 133.000015      0.197078E+01
 133.500015      0.185577E+01
 134.000015      0.173897E+01
 134.500015      0.162092E+01
 135.000015      0.150217E+01
 135.500015      0.138332E+01
 136.000015      0.126496E+01
 136.500015      0.114773E+01
 137.000015      0.103229E+01
 137.500015      0.919305E+00
 138.000015      0.809476E+00
 138.500015      0.703506E+00
 139.000015      0.602120E+00
 139.500015      0.506060E+00
 140.000015      0.416067E+00
 140.500015      0.332897E+00
 141.000000      0.257309E+00
 141.500015      0.190063E+00
 142.000015      0.131923E+00
 142.500015      0.836460E-01
 143.000015      0.459850E-01
 143.500015      0.196816E-01
 144.000015      0.546844E-02
 144.500015      0.406061E-02
 145.000015      0.161552E-01
 145.500015      0.424280E-01
 146.000015      0.835316E-01
 146.500015      0.140086E+00
 147.000015      0.212685E+00
 147.500015      0.301885E+00
 148.000015      0.408206E+00
 148.500015      0.532133E+00
 149.000015      0.674094E+00
 149.500015      0.834482E+00
 150.000015      0.101364E+01
 150.500015      0.121185E+01
 151.000015      0.142937E+01
 151.500015      0.166635E+01
 152.000015      0.192292E+01
 152.500015      0.219914E+01
 153.000015      0.249502E+01
 153.500015      0.281047E+01
 154.000015      0.314537E+01
 154.500015      0.349952E+01
 155.000015      0.387265E+01
 155.500015      0.426444E+01
 156.000015      0.467446E+01
 156.500015      0.510225E+01
 157.000015      0.554727E+01
 157.500015      0.600892E+01
 158.000015      0.648653E+01
 158.500015      0.697932E+01
 159.000015      0.748652E+01
 159.500015      0.800725E+01
 160.000015      0.854057E+01
 160.500015      0.908550E+01
 161.000015      0.964097E+01
 161.500015      0.102059E+02
 162.000015      0.107791E+02
 162.500015      0.113594E+02
 163.000015      0.119456E+02
 163.500015      0.125363E+02
 164.000015      0.131303E+02
 164.500015      0.137261E+02
 165.000015      0.143224E+02
 165.500015      0.149178E+02
 166.000015      0.155108E+02
 166.500015      0.160999E+02
 167.000015      0.166839E+02
 167.500015      0.172610E+02
 168.000015      0.178300E+02
 168.500015      0.183893E+02
 169.000015      0.189375E+02
 169.500031      0.194732E+02
 170.000015      0.199948E+02
 170.500015      0.205011E+02
 171.000015      0.209907E+02
 171.500015      0.214623E+02
 172.000031      0.219145E+02
 172.500015      0.223462E+02
 173.000015      0.227561E+02
 173.500015      0.231431E+02
 174.000015      0.235062E+02
 174.500015      0.238442E+02
 175.000015      0.241563E+02
 175.500015      0.244416E+02
 176.000015      0.246992E+02
 176.500015      0.249285E+02
 177.000015      0.251288E+02
 177.500015      0.252995E+02
 178.000015      0.254400E+02
 178.500015      0.255501E+02
 179.000031      0.256295E+02
 179.500015      0.256777E+02
 180.000015      0.256948E+02
