   0.000000      0.810082E+01
   0.500000      0.809696E+01
   1.000000      0.808537E+01
   1.500000      0.806613E+01
   2.000000      0.803924E+01
   2.500000      0.800480E+01
   3.000000      0.796290E+01
   3.500000      0.791366E+01
   4.000000      0.785723E+01
   4.500000      0.779373E+01
   5.000000      0.772339E+01
   5.500000      0.764635E+01
   6.000000      0.756285E+01
   6.500001      0.747312E+01
   7.000000      0.737743E+01
   7.500001      0.727598E+01
   8.000001      0.716908E+01
   8.500001      0.705704E+01
   9.000001      0.694011E+01
   9.500001      0.681867E+01
  10.000001      0.669297E+01
  10.500001      0.656339E+01
  11.000001      0.643024E+01
  11.500002      0.629388E+01
  12.000001      0.615466E+01
  12.500001      0.601292E+01
  13.000002      0.586904E+01
  13.500001      0.572335E+01
  14.000001      0.557622E+01
  14.500002      0.542803E+01
  15.000002      0.527909E+01
  15.500001      0.512978E+01
  16.000002      0.498044E+01
  16.500002      0.483142E+01
  17.000002      0.468302E+01
  17.500002      0.453560E+01
  18.000002      0.438946E+01
  18.500002      0.424491E+01
  19.000002      0.410225E+01
  19.500002      0.396173E+01
  20.000002      0.382365E+01
  20.500002      0.368826E+01
  21.000002      0.355580E+01
  21.500004      0.342648E+01
  22.000002      0.330052E+01
  22.500002      0.317811E+01
  23.000004      0.305943E+01
  23.500002      0.294464E+01
  24.000002      0.283386E+01
  24.500004      0.272724E+01
  25.000002      0.262486E+01
  25.500002      0.252682E+01
  26.000004      0.243318E+01
  26.500002      0.234400E+01
  27.000002      0.225929E+01
  27.500004      0.217909E+01
  28.000002      0.210338E+01
  28.500002      0.203214E+01
  29.000004      0.196533E+01
  29.500004      0.190289E+01
  30.000004      0.184476E+01
  30.500002      0.179085E+01
  31.000002      0.174105E+01
  31.500002      0.169526E+01
  32.000004      0.165334E+01
  32.500004      0.161515E+01
  33.000004      0.158054E+01
  33.500004      0.154934E+01
  34.000004      0.152139E+01
  34.500004      0.149649E+01
  35.000004      0.147447E+01
  35.500004      0.145512E+01
  36.000004      0.143824E+01
  36.500004      0.142362E+01
  37.000004      0.141105E+01
  37.500004      0.140032E+01
  38.000004      0.139121E+01
  38.500004      0.138351E+01
  39.000004      0.137699E+01
  39.500004      0.137145E+01
  40.000004      0.136668E+01
  40.500004      0.136246E+01
  41.000004      0.135860E+01
  41.500004      0.135489E+01
  42.000004      0.135115E+01
  42.500004      0.134719E+01
  43.000008      0.134283E+01
  43.500004      0.133792E+01
  44.000004      0.133228E+01
  44.500004      0.132579E+01
  45.000004      0.131830E+01
  45.500004      0.130969E+01
  46.000008      0.129985E+01
  46.500004      0.128868E+01
  47.000004      0.127611E+01
  47.500004      0.126206E+01
  48.000004      0.124647E+01
  48.500004      0.122931E+01
  49.000008      0.121056E+01
  49.500008      0.119019E+01
  50.000004      0.116821E+01
  50.500004      0.114464E+01
  51.000004      0.111953E+01
  51.500004      0.109290E+01
  52.000008      0.106484E+01
  52.500008      0.103540E+01
  53.000004      0.100470E+01
  53.500004      0.972824E+00
  54.000004      0.939896E+00
  54.500004      0.906048E+00
  55.000008      0.871420E+00
  55.500008      0.836165E+00
  56.000004      0.800449E+00
  56.500004      0.764444E+00
  57.000004      0.728334E+00
  57.500008      0.692307E+00
  58.000008      0.656564E+00
  58.500004      0.621306E+00
  59.000008      0.586743E+00
  59.500004      0.553088E+00
  60.000008      0.520557E+00
  60.500004      0.489367E+00
  61.000004      0.459738E+00
  61.500008      0.431889E+00
  62.000004      0.406033E+00
  62.500008      0.382388E+00
  63.000004      0.361163E+00
  63.500008      0.342563E+00
  64.000008      0.326784E+00
  64.500000      0.314021E+00
  65.000008      0.304456E+00
  65.500008      0.298263E+00
  66.000008      0.295603E+00
  66.500008      0.296628E+00
  67.000008      0.301476E+00
  67.500008      0.310270E+00
  68.000008      0.323123E+00
  68.500008      0.340127E+00
  69.000008      0.361360E+00
  69.500008      0.386884E+00
  70.000008      0.416744E+00
  70.500000      0.450962E+00
  71.000008      0.489546E+00
  71.500008      0.532486E+00
  72.000008      0.579748E+00
  72.500008      0.631280E+00
  73.000008      0.687013E+00
  73.500008      0.746854E+00
  74.000008      0.810692E+00
  74.500008      0.878400E+00
  75.000008      0.949825E+00
  75.500008      0.102480E+01
  76.000008      0.110314E+01
  76.500008      0.118463E+01
  77.000008      0.126906E+01
  77.500008      0.135619E+01
  78.000008      0.144576E+01
  78.500008      0.153750E+01
  79.000008      0.163114E+01
  79.500008      0.172636E+01
  80.000008      0.182288E+01
  80.500008      0.192037E+01
  81.000008      0.201850E+01
  81.500008      0.211695E+01
  82.000008      0.221537E+01
  82.500008      0.231343E+01
  83.000008      0.241078E+01
  83.500008      0.250707E+01
  84.000008      0.260196E+01
  84.500008      0.269510E+01
  85.000008      0.278616E+01
  85.500008      0.287481E+01
  86.000015      0.296072E+01
  86.500008      0.304356E+01
  87.000008      0.312305E+01
  87.500008      0.319889E+01
  88.000008      0.327080E+01
  88.500008      0.333852E+01
  89.000008      0.340180E+01
  89.500015      0.346042E+01
  90.000008      0.351418E+01
  90.500008      0.356289E+01
  91.000008      0.360638E+01
  91.500008      0.364453E+01
  92.000015      0.367723E+01
  92.500008      0.370438E+01
  93.000008      0.372592E+01
  93.500008      0.374183E+01
  94.000008      0.375209E+01
  94.500008      0.375674E+01
  95.000008      0.375582E+01
  95.500015      0.374942E+01
  96.000008      0.373763E+01
  96.500008      0.372061E+01
  97.000008      0.369852E+01
  97.500008      0.367154E+01
  98.000015      0.363989E+01
  98.500008      0.360382E+01
  99.000015      0.356359E+01
  99.500008      0.351951E+01
 100.000008      0.347188E+01
 100.500008      0.342104E+01
 101.000008      0.336734E+01
 101.500015      0.331117E+01
 102.000008      0.325290E+01
 102.500008      0.319294E+01
 103.000008      0.313171E+01
 103.500008      0.306962E+01
 104.000015      0.300713E+01
 104.500008      0.294465E+01
 105.000015      0.288264E+01
 105.500008      0.282154E+01
 106.000008      0.276178E+01
 106.500015      0.270382E+01
 107.000008      0.264806E+01
 107.500015      0.259494E+01
 108.000008      0.254488E+01
 108.500015      0.249825E+01
 109.000008      0.245545E+01
 109.500008      0.241684E+01
 110.000015      0.238276E+01
 110.500008      0.235352E+01
 111.000015      0.232943E+01
 111.500008      0.231075E+01
 112.000008      0.229772E+01
 112.500015      0.229055E+01
 113.000008      0.228942E+01
 113.500015      0.229447E+01
 114.000008      0.230582E+01
 114.500015      0.232354E+01
 115.000015      0.234767E+01
 115.500015      0.237822E+01
 116.000015      0.241515E+01
 116.500008      0.245840E+01
 117.000008      0.250786E+01
 117.500015      0.256340E+01
 118.000015      0.262483E+01
 118.500015      0.269194E+01
 119.000008      0.276449E+01
 119.500008      0.284220E+01
 120.000015      0.292477E+01
 120.500015      0.301184E+01
 121.000008      0.310306E+01
 121.500008      0.319804E+01
 122.000008      0.329636E+01
 122.500015      0.339757E+01
 123.000015      0.350124E+01
 123.500008      0.360688E+01
 124.000008      0.371402E+01
 124.500015      0.382217E+01
 125.000015      0.393082E+01
 125.500015      0.403946E+01
 126.000008      0.414761E+01
 126.500008      0.425476E+01
 127.000015      0.436041E+01
 127.500015      0.446409E+01
 128.000015      0.456532E+01
 128.500015      0.466366E+01
 129.000000      0.475867E+01
 129.500015      0.484994E+01
 130.000015      0.493710E+01
 130.500015      0.501978E+01
 131.000015      0.509767E+01
 131.500000      0.517048E+01
 132.000015      0.523796E+01
 132.500015      0.529992E+01
 133.000015      0.535617E+01
 133.500015      0.540661E+01
 134.000015      0.545115E+01
 134.500015      0.548977E+01
 135.000015      0.552250E+01
 135.500015      0.554938E+01
 136.000015      0.557056E+01
 136.500015      0.558621E+01
 137.000015      0.559653E+01
 137.500015      0.560180E+01
 138.000015      0.560235E+01
 138.500015      0.559855E+01
 139.000015      0.559080E+01
 139.500015      0.557958E+01
 140.000015      0.556539E+01
 140.500015      0.554879E+01
 141.000000      0.553035E+01
 141.500015      0.551070E+01
 142.000015      0.549052E+01
 142.500015      0.547047E+01
 143.000015      0.545130E+01
 143.500015      0.543373E+01
 144.000015      0.541853E+01
 144.500015      0.540648E+01
 145.000015      0.539837E+01
 145.500015      0.539499E+01
 146.000015      0.539715E+01
 146.500015      0.540564E+01
 147.000015      0.542127E+01
 147.500015      0.544481E+01
 148.000015      0.547704E+01
 148.500015      0.551869E+01
 149.000015      0.557050E+01
 149.500015      0.563317E+01
 150.000015      0.570734E+01
 150.500015      0.579366E+01
 151.000015      0.589271E+01
 151.500015      0.600501E+01
 152.000015      0.613107E+01
 152.500015      0.627133E+01
 153.000015      0.642614E+01
 153.500015      0.659585E+01
 154.000015      0.678071E+01
 154.500015      0.698090E+01
 155.000015      0.719656E+01
 155.500015      0.742776E+01
 156.000015      0.767446E+01
 156.500015      0.793658E+01
 157.000015      0.821399E+01
 157.500015      0.850642E+01
 158.000015      0.881360E+01
 158.500015      0.913513E+01
 159.000015      0.947056E+01
 159.500015      0.981937E+01
 160.000015      0.101810E+02
 160.500015      0.105547E+02
 161.000015      0.109398E+02
 161.500015      0.113355E+02
 162.000015      0.117410E+02
 162.500015      0.121553E+02
 163.000015      0.125774E+02
 163.500015      0.130063E+02
 164.000015      0.134410E+02
 164.500015      0.138804E+02
 165.000015      0.143231E+02
 165.500015      0.147682E+02
 166.000015      0.152143E+02
 166.500015      0.156602E+02
 167.000015      0.161046E+02
 167.500015      0.165462E+02
 168.000015      0.169837E+02
 168.500015      0.174159E+02
 169.000015      0.178413E+02
 169.500031      0.182588E+02
 170.000015      0.186669E+02
 170.500015      0.190645E+02
 171.000015      0.194503E+02
 171.500015      0.198231E+02
 172.000031      0.201816E+02
 172.500015      0.205248E+02
 173.000015      0.208514E+02
 173.500015      0.211605E+02
 174.000015      0.214510E+02
 174.500015      0.217220E+02
 175.000015      0.219725E+02
 175.500015      0.222018E+02
 176.000015      0.224091E+02
 176.500015      0.225937E+02
 177.000015      0.227549E+02
 177.500015      0.228922E+02
 178.000015      0.230052E+02
 178.500015      0.230936E+02
 179.000031      0.231568E+02
 179.500015      0.231949E+02
 180.000015      0.232076E+02
