   0.000000       9.08528709
   0.500000       9.08321953
   1.000000       9.07699871
   1.500000       9.06665230
   2.000000       9.05215168
   2.500000       9.03350449
   3.000000       9.01071262
   3.500000       8.98377609
   4.000000       8.95269489
   4.500000       8.91745567
   5.000000       8.87807751
   5.500000       8.83454132
   6.000000       8.78685379
   6.500001       8.73502159
   7.000000       8.67905045
   7.500001       8.61891556
   8.000001       8.55463409
   8.500001       8.48622799
   9.000001       8.41366673
   9.500001       8.33699703
  10.000001       8.25618935
  10.500001       8.17127991
  11.000001       8.08227062
  11.500002       7.98918724
  12.000001       7.89204168
  12.500001       7.79085541
  13.000002       7.68566799
  13.500001       7.57650375
  14.000001       7.46340179
  14.500002       7.34642124
  15.000002       7.22559166
  15.500001       7.10098553
  16.000002       6.97267532
  16.500002       6.84074450
  17.000002       6.70526075
  17.500002       6.56634378
  18.000002       6.42411232
  18.500002       6.27868938
  19.000002       6.13021612
  19.500002       5.97884607
  20.000002       5.82478428
  20.500002       5.66821098
  21.000002       5.50937128
  21.500004       5.34848022
  22.000002       5.18582439
  22.500002       5.02169609
  23.000004       4.85641003
  23.500002       4.69031954
  24.000002       4.52378654
  24.500004       4.35722876
  25.000002       4.19105816
  25.500002       4.02574062
  26.000004       3.86174345
  26.500002       3.69956779
  27.000002       3.53972936
  27.500004       3.38275170
  28.000002       3.22917104
  28.500002       3.07952833
  29.000004       2.93434525
  29.500004       2.79413033
  30.000004       2.65939379
  30.500002       2.53058410
  31.000002       2.40811729
  31.500002       2.29235935
  32.000004       2.18361330
  32.500004       2.08212256
  33.000004       1.98804438
  33.500004       1.90146637
  34.000004       1.82239711
  34.500004       1.75074649
  35.000004       1.68635774
  35.500004       1.62898302
  36.000004       1.57830369
  36.500004       1.53393257
  37.000004       1.49542582
  37.500004       1.46227014
  38.000004       1.43392658
  38.500004       1.40980959
  39.000004       1.38931262
  39.500004       1.37181175
  40.000004       1.35667312
  40.500004       1.34324765
  41.000004       1.33091950
  41.500004       1.31905138
  42.000004       1.30703282
  42.500004       1.29428506
  43.000008       1.28022420
  43.500004       1.26429415
  44.000004       1.24596930
  44.500004       1.22474766
  45.000004       1.20013738
  45.500004       1.17168045
  46.000008       1.13892841
  46.500004       1.10146654
  47.000004       1.05888295
  47.500004       1.01079202
  48.000004       0.95683068
  48.500004       0.89663029
  49.000008       0.82984638
  49.500008       0.75614846
  50.000004       0.67520928
  50.500004       0.58670765
  51.000004       0.49034613
  51.500004       0.38581771
  52.000008       0.27282980
  52.500008       0.15110075
  53.000004       0.02036070
  53.500004      -0.11965920
  54.000004      -0.26920068
  54.500004      -0.42848969
  55.000008      -0.59772706
  55.500008      -0.77708101
  56.000004      -0.96666163
  56.500004      -1.16654158
  57.000004      -1.37669313
  57.500008      -1.59701097
  58.000008      -1.82722914
  58.500004      -2.06694198
  59.000008      -2.31552315
  59.500004      -2.57206082
  60.000008      -2.83531785
  60.500004      -3.10365462
  61.000004      -3.37489390
  61.500008      -3.64628339
  62.000004      -3.91438150
  62.500008      -4.17495537
  63.000004      -4.42297077
  63.500008      -4.65260077
  64.000008      -4.85738802
  64.500000      -5.03040695
  65.000008      -5.16475010
  65.500008      -5.25400591
  66.000008      -5.29291391
  66.500008      -5.27788258
  67.000008      -5.20747232
  67.500008      -5.08259678
  68.000008      -4.90632105
  68.500008      -4.68359184
  69.000008      -4.42060471
  69.500008      -4.12418747
  70.000008      -3.80131149
  70.500000      -3.45860243
  71.000008      -3.10206199
  71.500008      -2.73692179
  72.000008      -2.36760998
  72.500008      -1.99777961
  73.000008      -1.63035333
  73.500008      -1.26764357
  74.000008      -0.91144359
  74.500008      -0.56307864
  75.000008      -0.22356436
  75.500008       0.10639295
  76.000008       0.42629975
  76.500008       0.73584402
  77.000008       1.03483427
  77.500008       1.32320738
  78.000008       1.60096312
  78.500008       1.86815953
  79.000008       2.12490058
  79.500008       2.37132215
  80.000008       2.60758114
  80.500008       2.83384323
  81.000008       3.05028725
  81.500008       3.25710344
  82.000008       3.45447016
  82.500008       3.64256859
  83.000008       3.82157540
  83.500008       3.99166131
  84.000008       4.15300322
  84.500008       4.30575275
  85.000008       4.45006657
  85.500008       4.58608913
  86.000015       4.71396685
  86.500008       4.83382511
  87.000008       4.94579554
  87.500008       5.04999733
  88.000008       5.14653778
  88.500008       5.23554277
  89.000008       5.31709194
  89.500015       5.39129353
  90.000008       5.45823812
  90.500008       5.51802063
  91.000008       5.57071781
  91.500008       5.61642075
  92.000015       5.65520573
  92.500008       5.68715096
  93.000008       5.71233368
  93.500008       5.73083973
  94.000008       5.74273586
  94.500008       5.74810982
  95.000008       5.74704742
  95.500015       5.73964024
  96.000008       5.72596788
  96.500008       5.70614529
  97.000008       5.68027449
  97.500008       5.64847708
  98.000015       5.61087704
  98.500008       5.56762600
  99.000015       5.51887989
  99.500008       5.46481705
 100.000008       5.40564537
 100.500008       5.34157991
 101.000008       5.27287006
 101.500015       5.19980907
 102.000008       5.12270260
 102.500008       5.04190350
 103.000008       4.95781231
 103.500008       4.87085056
 104.000015       4.78151751
 104.500008       4.69033909
 105.000015       4.59790707
 105.500008       4.50486088
 106.000008       4.41189241
 106.500015       4.31977129
 107.000008       4.22927332
 107.500015       4.14127398
 108.000008       4.05666447
 108.500015       3.97635365
 109.000008       3.90130758
 109.500008       3.83247566
 110.000015       3.77079606
 110.500008       3.71718049
 111.000015       3.67249918
 111.500008       3.63753653
 112.000008       3.61297894
 112.500015       3.59940338
 113.000008       3.59726143
 113.500015       3.60682917
 114.000008       3.62826014
 114.500015       3.66150331
 115.000015       3.70637059
 115.500015       3.76251817
 116.000015       3.82944107
 116.500008       3.90652657
 117.000008       3.99304152
 117.500015       4.08816051
 118.000015       4.19100761
 118.500015       4.30065584
 119.000008       4.41615582
 119.500008       4.53655052
 120.000015       4.66091156
 120.500015       4.78832150
 121.000008       4.91790724
 121.500008       5.04883289
 122.000008       5.18033981
 122.500015       5.31168842
 123.000015       5.44222116
 123.500008       5.57132244
 124.000008       5.69844770
 124.500015       5.82309961
 125.000015       5.94482851
 125.500015       6.06323719
 126.000008       6.17797947
 126.500008       6.28874540
 127.000015       6.39527225
 127.500015       6.49732876
 128.000015       6.59471607
 128.500015       6.68727350
 129.000000       6.77485466
 129.500015       6.85736752
 130.000015       6.93471670
 130.500015       7.00684547
 131.000015       7.07371712
 131.500000       7.13530731
 132.000015       7.19162369
 132.500015       7.24269199
 133.000015       7.28854465
 133.500015       7.32925034
 134.000015       7.36488390
 134.500015       7.39554501
 135.000015       7.42135477
 135.500015       7.44244623
 136.000015       7.45899010
 136.500015       7.47116947
 137.000015       7.47918510
 137.500015       7.48327827
 138.000015       7.48370361
 138.500015       7.48075199
 139.000015       7.47473812
 139.500015       7.46601582
 140.000015       7.45495892
 140.500015       7.44197893
 141.000000       7.42752314
 141.500015       7.41206884
 142.000015       7.39613247
 142.500015       7.38024950
 143.000015       7.36500072
 143.500015       7.35098171
 144.000015       7.33881474
 144.500015       7.32914734
 145.000015       7.32262325
 145.500015       7.31990576
 146.000015       7.32164478
 146.500015       7.32847500
 147.000015       7.34101200
 147.500015       7.35982800
 148.000015       7.38545513
 148.500015       7.41835976
 149.000015       7.45894194
 149.500015       7.50752640
 150.000015       7.56433725
 150.500015       7.62953281
 151.000015       7.70315218
 151.500015       7.78513956
 152.000015       7.87536621
 152.500015       7.97359467
 153.000015       8.07950401
 153.500015       8.19270802
 154.000015       8.31275082
 154.500015       8.43911457
 155.000015       8.57124805
 155.500015       8.70857716
 156.000015       8.85047626
 156.500015       8.99633598
 157.000015       9.14554024
 157.500015       9.29746819
 158.000015       9.45153236
 158.500015       9.60714626
 159.000015       9.76375675
 159.500015       9.92083454
 160.000015      10.07789612
 160.500015      10.23445988
 161.000015      10.39010048
 161.500015      10.54442215
 162.000015      10.69704819
 162.500015      10.84764862
 163.000015      10.99590778
 163.500015      11.14155293
 164.000015      11.28432369
 164.500015      11.42400742
 165.000015      11.56038380
 165.500015      11.69327545
 166.000015      11.82251835
 166.500015      11.94796181
 167.000015      12.06949043
 167.500015      12.18697739
 168.000015      12.30033016
 168.500015      12.40944958
 169.000015      12.51427174
 169.500031      12.61472130
 170.000015      12.71072960
 170.500015      12.80226517
 171.000015      12.88927078
 171.500015      12.97171211
 172.000031      13.04956245
 172.500015      13.12278175
 173.000015      13.19134903
 173.500015      13.25525665
 174.000015      13.31447601
 174.500015      13.36899567
 175.000015      13.41880322
 175.500015      13.46389198
 176.000015      13.50424290
 176.500015      13.53986931
 177.000015      13.57075214
 177.500015      13.59687901
 178.000015      13.61826897
 178.500015      13.63490868
 179.000031      13.64679241
 179.500015      13.65392208
 180.000015      13.65629959
