   0.000000      0.809932E+01
   0.500000      0.809468E+01
   1.000000      0.808073E+01
   1.500000      0.805753E+01
   2.000000      0.802515E+01
   2.500000      0.798368E+01
   3.000000      0.793327E+01
   3.500000      0.787408E+01
   4.000000      0.780630E+01
   4.500000      0.773014E+01
   5.000000      0.764586E+01
   5.500000      0.755370E+01
   6.000000      0.745397E+01
   6.500001      0.734698E+01
   7.000000      0.723307E+01
   7.500001      0.711258E+01
   8.000001      0.698588E+01
   8.500001      0.685334E+01
   9.000001      0.671540E+01
   9.500001      0.657242E+01
  10.000001      0.642486E+01
  10.500001      0.627313E+01
  11.000001      0.611765E+01
  11.500002      0.595889E+01
  12.000001      0.579726E+01
  12.500001      0.563322E+01
  13.000002      0.546719E+01
  13.500001      0.529963E+01
  14.000001      0.513096E+01
  14.500002      0.496159E+01
  15.000002      0.479195E+01
  15.500001      0.462245E+01
  16.000002      0.445346E+01
  16.500002      0.428539E+01
  17.000002      0.411858E+01
  17.500002      0.395339E+01
  18.000002      0.379015E+01
  18.500002      0.362918E+01
  19.000002      0.347077E+01
  19.500002      0.331520E+01
  20.000002      0.316273E+01
  20.500002      0.301359E+01
  21.000002      0.286799E+01
  21.500004      0.272614E+01
  22.000002      0.258819E+01
  22.500002      0.245429E+01
  23.000004      0.232459E+01
  23.500002      0.219918E+01
  24.000002      0.207816E+01
  24.500004      0.196157E+01
  25.000002      0.184947E+01
  25.500002      0.174189E+01
  26.000004      0.163883E+01
  26.500002      0.154028E+01
  27.000002      0.144621E+01
  27.500004      0.135658E+01
  28.000002      0.127132E+01
  28.500002      0.119037E+01
  29.000004      0.111363E+01
  29.500004      0.104101E+01
  30.000004      0.972398E+00
  30.500002      0.907674E+00
  31.000002      0.846713E+00
  31.500002      0.789379E+00
  32.000004      0.735533E+00
  32.500004      0.685031E+00
  33.000004      0.637725E+00
  33.500004      0.593464E+00
  34.000004      0.552098E+00
  34.500004      0.513475E+00
  35.000004      0.477443E+00
  35.500004      0.443856E+00
  36.000004      0.412567E+00
  36.500004      0.383433E+00
  37.000004      0.356319E+00
  37.500004      0.331090E+00
  38.000004      0.307621E+00
  38.500004      0.285790E+00
  39.000004      0.265486E+00
  39.500004      0.246601E+00
  40.000004      0.229037E+00
  40.500004      0.212705E+00
  41.000004      0.197519E+00
  41.500004      0.183408E+00
  42.000004      0.170303E+00
  42.500004      0.158148E+00
  43.000008      0.146890E+00
  43.500004      0.136488E+00
  44.000004      0.126907E+00
  44.500004      0.118118E+00
  45.000004      0.110100E+00
  45.500004      0.102838E+00
  46.000008      0.963229E-01
  46.500004      0.905516E-01
  47.000004      0.855255E-01
  47.500004      0.812493E-01
  48.000004      0.777325E-01
  48.500004      0.749874E-01
  49.000008      0.730283E-01
  49.500008      0.718718E-01
  50.000004      0.715354E-01
  50.500004      0.720371E-01
  51.000004      0.733953E-01
  51.500004      0.756267E-01
  52.000008      0.787476E-01
  52.500008      0.827722E-01
  53.000004      0.877119E-01
  53.500004      0.935754E-01
  54.000004      0.100369E+00
  54.500004      0.108094E+00
  55.000008      0.116748E+00
  55.500008      0.126325E+00
  56.000004      0.136812E+00
  56.500004      0.148193E+00
  57.000004      0.160446E+00
  57.500008      0.173544E+00
  58.000008      0.187454E+00
  58.500004      0.202139E+00
  59.000008      0.217555E+00
  59.500004      0.233652E+00
  60.000008      0.250378E+00
  60.500004      0.267672E+00
  61.000004      0.285471E+00
  61.500008      0.303706E+00
  62.000004      0.322304E+00
  62.500008      0.341190E+00
  63.000004      0.360281E+00
  63.500008      0.379495E+00
  64.000008      0.398746E+00
  64.500000      0.417946E+00
  65.000008      0.437004E+00
  65.500008      0.455830E+00
  66.000008      0.474332E+00
  66.500008      0.492417E+00
  67.000008      0.509995E+00
  67.500008      0.526975E+00
  68.000008      0.543269E+00
  68.500008      0.558791E+00
  69.000008      0.573457E+00
  69.500008      0.587186E+00
  70.000008      0.599902E+00
  70.500000      0.611532E+00
  71.000008      0.622013E+00
  71.500008      0.631279E+00
  72.000008      0.639275E+00
  72.500008      0.645952E+00
  73.000008      0.651269E+00
  73.500008      0.655185E+00
  74.000008      0.657675E+00
  74.500008      0.658717E+00
  75.000008      0.658297E+00
  75.500008      0.656409E+00
  76.000008      0.653058E+00
  76.500008      0.648253E+00
  77.000008      0.642015E+00
  77.500008      0.634371E+00
  78.000008      0.625357E+00
  78.500008      0.615018E+00
  79.000008      0.603406E+00
  79.500008      0.590583E+00
  80.000008      0.576615E+00
  80.500008      0.561580E+00
  81.000008      0.545561E+00
  81.500008      0.528649E+00
  82.000008      0.510940E+00
  82.500008      0.492538E+00
  83.000008      0.473552E+00
  83.500008      0.454097E+00
  84.000008      0.434292E+00
  84.500008      0.414261E+00
  85.000008      0.394133E+00
  85.500008      0.374038E+00
  86.000015      0.354110E+00
  86.500008      0.334487E+00
  87.000008      0.315304E+00
  87.500008      0.296703E+00
  88.000008      0.278821E+00
  88.500008      0.261798E+00
  89.000008      0.245774E+00
  89.500015      0.230882E+00
  90.000008      0.217260E+00
  90.500008      0.205039E+00
  91.000008      0.194348E+00
  91.500008      0.185312E+00
  92.000015      0.178051E+00
  92.500008      0.172682E+00
  93.000008      0.169313E+00
  93.500008      0.168050E+00
  94.000008      0.168990E+00
  94.500008      0.172223E+00
  95.000008      0.177832E+00
  95.500015      0.185892E+00
  96.000008      0.196470E+00
  96.500008      0.209623E+00
  97.000008      0.225401E+00
  97.500008      0.243843E+00
  98.000015      0.264980E+00
  98.500008      0.288830E+00
  99.000015      0.315403E+00
  99.500008      0.344700E+00
 100.000008      0.376708E+00
 100.500008      0.411408E+00
 101.000008      0.448765E+00
 101.500015      0.488738E+00
 102.000008      0.531271E+00
 102.500008      0.576300E+00
 103.000008      0.623752E+00
 103.500008      0.673537E+00
 104.000015      0.725561E+00
 104.500008      0.779716E+00
 105.000015      0.835885E+00
 105.500008      0.893942E+00
 106.000008      0.953748E+00
 106.500015      0.101516E+01
 107.000008      0.107801E+01
 107.500015      0.114216E+01
 108.000008      0.120741E+01
 108.500015      0.127359E+01
 109.000008      0.134051E+01
 109.500008      0.140797E+01
 110.000015      0.147578E+01
 110.500008      0.154372E+01
 111.000015      0.161158E+01
 111.500008      0.167914E+01
 112.000008      0.174618E+01
 112.500015      0.181247E+01
 113.000008      0.187777E+01
 113.500015      0.194187E+01
 114.000008      0.200451E+01
 114.500015      0.206548E+01
 115.000015      0.212452E+01
 115.500015      0.218141E+01
 116.000015      0.223592E+01
 116.500008      0.228781E+01
 117.000008      0.233687E+01
 117.500015      0.238286E+01
 118.000015      0.242557E+01
 118.500015      0.246478E+01
 119.000008      0.250030E+01
 119.500008      0.253193E+01
 120.000015      0.255949E+01
 120.500015      0.258280E+01
 121.000008      0.260169E+01
 121.500008      0.261600E+01
 122.000008      0.262561E+01
 122.500015      0.263040E+01
 123.000015      0.263023E+01
 123.500008      0.262504E+01
 124.000008      0.261474E+01
 124.500015      0.259927E+01
 125.000015      0.257860E+01
 125.500015      0.255271E+01
 126.000008      0.252161E+01
 126.500008      0.248532E+01
 127.000015      0.244389E+01
 127.500015      0.239739E+01
 128.000015      0.234593E+01
 128.500015      0.228962E+01
 129.000000      0.222862E+01
 129.500015      0.216309E+01
 130.000015      0.209325E+01
 130.500015      0.201931E+01
 131.000015      0.194154E+01
 131.500000      0.186021E+01
 132.000015      0.177564E+01
 132.500015      0.168817E+01
 133.000015      0.159816E+01
 133.500015      0.150600E+01
 134.000015      0.141211E+01
 134.500015      0.131694E+01
 135.000015      0.122096E+01
 135.500015      0.112465E+01
 136.000015      0.102855E+01
 136.500015      0.933182E+00
 137.000015      0.839121E+00
 137.500015      0.746942E+00
 138.000015      0.657249E+00
 138.500015      0.570661E+00
 139.000015      0.487806E+00
 139.500015      0.409336E+00
 140.000015      0.335907E+00
 140.500015      0.268186E+00
 141.000000      0.206846E+00
 141.500015      0.152566E+00
 142.000015      0.106028E+00
 142.500015      0.679111E-01
 143.000015      0.388934E-01
 143.500015      0.196455E-01
 144.000015      0.108316E-01
 144.500015      0.131027E-01
 145.000015      0.270958E-01
 145.500015      0.534307E-01
 146.000015      0.927086E-01
 146.500015      0.145504E+00
 147.000015      0.212366E+00
 147.500015      0.293819E+00
 148.000015      0.390349E+00
 148.500015      0.502415E+00
 149.000015      0.630426E+00
 149.500015      0.774760E+00
 150.000015      0.935751E+00
 150.500015      0.111369E+01
 151.000015      0.130881E+01
 151.500015      0.152129E+01
 152.000015      0.175128E+01
 152.500015      0.199886E+01
 153.000015      0.226405E+01
 153.500015      0.254682E+01
 154.000015      0.284707E+01
 154.500015      0.316464E+01
 155.000015      0.349934E+01
 155.500015      0.385088E+01
 156.000015      0.421890E+01
 156.500015      0.460303E+01
 157.000015      0.500278E+01
 157.500015      0.541762E+01
 158.000015      0.584699E+01
 158.500015      0.629020E+01
 159.000015      0.674655E+01
 159.500015      0.721527E+01
 160.000015      0.769554E+01
 160.500015      0.818645E+01
 161.000015      0.868706E+01
 161.500015      0.919640E+01
 162.000015      0.971343E+01
 162.500015      0.102371E+02
 163.000015      0.107662E+02
 163.500015      0.112996E+02
 164.000015      0.118361E+02
 164.500015      0.123744E+02
 165.000015      0.129134E+02
 165.500015      0.134517E+02
 166.000015      0.139880E+02
 166.500015      0.145210E+02
 167.000015      0.150494E+02
 167.500015      0.155719E+02
 168.000015      0.160869E+02
 168.500015      0.165934E+02
 169.000015      0.170899E+02
 169.500031      0.175751E+02
 170.000015      0.180476E+02
 170.500015      0.185064E+02
 171.000015      0.189500E+02
 171.500015      0.193773E+02
 172.000031      0.197871E+02
 172.500015      0.201783E+02
 173.000015      0.205497E+02
 173.500015      0.209004E+02
 174.000015      0.212292E+02
 174.500015      0.215354E+02
 175.000015      0.218180E+02
 175.500015      0.220761E+02
 176.000015      0.223092E+02
 176.500015      0.225164E+02
 177.000015      0.226973E+02
 177.500015      0.228512E+02
 178.000015      0.229777E+02
 178.500015      0.230765E+02
 179.000031      0.231473E+02
 179.500015      0.231898E+02
 180.000015      0.232040E+02
