   0.000000       9.08448410
   0.500000       9.08199596
   1.000000       9.07450485
   1.500000       9.06201744
   2.000000       9.04453087
   2.500000       9.02203178
   3.000000       8.99452209
   3.500000       8.96199989
   4.000000       8.92445183
   4.500000       8.88187218
   5.000000       8.83426094
   5.500000       8.78159714
   6.000000       8.72387886
   6.500001       8.66108894
   7.000000       8.59322643
   7.500001       8.52026844
   8.000001       8.44220829
   8.500001       8.35902596
   9.000001       8.27071953
   9.500001       8.17725563
  10.000001       8.07863808
  10.500001       7.97484016
  11.000001       7.86584949
  11.500002       7.75165081
  12.000001       7.63222456
  12.500001       7.50756645
  13.000002       7.37764359
  13.500001       7.24245548
  14.000001       7.10198307
  14.500002       6.95620632
  15.000002       6.80512428
  15.500001       6.64871979
  16.000002       6.48697948
  16.500002       6.31990194
  17.000002       6.14747477
  17.500002       5.96969795
  18.000002       5.78656483
  18.500002       5.59809017
  19.000002       5.40426350
  19.500002       5.20510197
  20.000002       5.00062370
  20.500002       4.79084206
  21.000002       4.57578182
  21.500004       4.35547352
  22.000002       4.12995481
  22.500002       3.89926672
  23.000004       3.66346979
  23.500002       3.42261457
  24.000002       3.17677999
  24.500004       2.92603636
  25.000002       2.67047906
  25.500002       2.41021347
  26.000004       2.14534068
  26.500002       1.87600207
  27.000002       1.60231948
  27.500004       1.32444930
  28.000002       1.04255772
  28.500002       0.75681353
  29.000004       0.46741411
  29.500004       0.17454961
  30.000004      -0.12156004
  30.500002      -0.42069870
  31.000002      -0.72263956
  31.500002      -1.02714670
  32.000004      -1.33397841
  32.500004      -1.64289856
  33.000004      -1.95366645
  33.500004      -2.26605392
  34.000004      -2.57983875
  34.500004      -2.89480686
  35.000004      -3.21078086
  35.500004      -3.52757955
  36.000004      -3.84505844
  36.500004      -4.16310263
  37.000004      -4.48161221
  37.500004      -4.80054569
  38.000004      -5.11984539
  38.500004      -5.43952656
  39.000004      -5.75958490
  39.500004      -6.08005476
  40.000004      -6.40093756
  40.500004      -6.72223091
  41.000004      -7.04390049
  41.500004      -7.36581755
  42.000004      -7.68776608
  42.500004      -8.00936604
  43.000008      -8.33007050
  43.500004      -8.64904499
  44.000004      -8.96514511
  44.500004      -9.27685356
  45.000004      -9.58214664
  45.500004      -9.87847710
  46.000008     -10.16270447
  46.500004     -10.43103790
  47.000004     -10.67904282
  47.500004     -10.90180397
  48.000004     -11.09397316
  48.500004     -11.25011826
  49.000008     -11.36508560
  49.500008     -11.43441200
  50.000004     -11.45478725
  50.500004     -11.42443848
  51.000004     -11.34331799
  51.500004     -11.21324730
  52.000008     -11.03762817
  52.500008     -10.82115555
  53.000004     -10.56941509
  53.500004     -10.28838348
  54.000004      -9.98398972
  54.500004      -9.66197491
  55.000008      -9.32748890
  55.500008      -8.98510933
  56.000004      -8.63875961
  56.500004      -8.29172707
  57.000004      -7.94670868
  57.500008      -7.60590315
  58.000008      -7.27104568
  58.500004      -6.94349813
  59.000008      -6.62431812
  59.500004      -6.31430435
  60.000008      -6.01404428
  60.500004      -5.72397709
  61.000004      -5.44438362
  61.500008      -5.17547226
  62.000004      -4.91734076
  62.500008      -4.67004061
  63.000004      -4.43358231
  63.500008      -4.20793438
  64.000008      -3.99303389
  64.500000      -3.78879571
  65.000008      -3.59514618
  65.500008      -3.41197300
  66.000008      -3.23917961
  66.500008      -3.07667303
  67.000008      -2.92434025
  67.500008      -2.78209925
  68.000008      -2.64985204
  68.500008      -2.52750587
  69.000008      -2.41499496
  69.500008      -2.31224680
  70.000008      -2.21919918
  70.500000      -2.13580751
  71.000008      -2.06200552
  71.500008      -1.99778497
  72.000008      -1.94312227
  72.500008      -1.89799559
  73.000008      -1.86239588
  73.500008      -1.83635759
  74.000008      -1.81988537
  74.500008      -1.81301260
  75.000008      -1.81578207
  75.500008      -1.82825458
  76.000008      -1.85048223
  76.500008      -1.88255250
  77.000008      -1.92454565
  77.500008      -1.97656572
  78.000008      -2.03872061
  78.500008      -2.11111975
  79.000008      -2.19390440
  79.500008      -2.28719306
  80.000008      -2.39114261
  80.500008      -2.50588155
  81.000008      -2.63156390
  81.500008      -2.76832581
  82.000008      -2.91630316
  82.500008      -3.07560253
  83.000008      -3.24631929
  83.500008      -3.42851639
  84.000008      -3.62218189
  84.500008      -3.82725668
  85.000008      -4.04357624
  85.500008      -4.27084637
  86.000015      -4.50861502
  86.500008      -4.75621271
  87.000008      -5.01270199
  87.500008      -5.27678680
  88.000008      -5.54674244
  88.500008      -5.82033062
  89.000008      -6.09464741
  89.500015      -6.36610317
  90.000008      -6.63020611
  90.500008      -6.88163519
  91.000008      -7.11421013
  91.500008      -7.32097149
  92.000015      -7.49456167
  92.500008      -7.62754059
  93.000008      -7.71309137
  93.500008      -7.74560833
  94.000008      -7.72139311
  94.500008      -7.63909149
  95.000008      -7.49990559
  95.500015      -7.30739403
  96.000008      -7.06704330
  96.500008      -6.78560543
  97.000008      -6.47043324
  97.500008      -6.12888813
  98.000015      -5.76787519
  98.500008      -5.39358377
  99.000015      -5.01133633
  99.500008      -4.62558937
 100.000008      -4.23994637
 100.500008      -3.85727358
 101.000008      -3.47981191
 101.500015      -3.10924315
 102.000008      -2.74683523
 102.500008      -2.39351273
 103.000008      -2.04988384
 103.500008      -1.71638608
 104.000015      -1.39326096
 104.500008      -1.08063781
 105.000015      -0.77853233
 105.500008      -0.48690832
 106.000008      -0.20566365
 106.500015       0.06533717
 107.000008       0.32624602
 107.500015       0.57725197
 108.000008       0.81853300
 108.500015       1.05028534
 109.000008       1.27269256
 109.500008       1.48594558
 110.000015       1.69021773
 110.500008       1.88568902
 111.000015       2.07252884
 111.500008       2.25087667
 112.000008       2.42089224
 112.500015       2.58270383
 113.000008       2.73643279
 113.500015       2.88219500
 114.000008       3.02008772
 114.500015       3.15020061
 115.000015       3.27261400
 115.500015       3.38738179
 116.000015       3.49456406
 116.500008       3.59420419
 117.000008       3.68633986
 117.500015       3.77097964
 118.000015       3.84813023
 118.500015       3.91778469
 119.000008       3.97992897
 119.500008       4.03452349
 120.000015       4.08154106
 120.500015       4.12090111
 121.000008       4.15255404
 121.500008       4.17638302
 122.000008       4.19230795
 122.500015       4.20021105
 123.000015       4.19993782
 123.500008       4.19136000
 124.000008       4.17428255
 124.500015       4.14850664
 125.000015       4.11383629
 125.500015       4.07001257
 126.000008       4.01677418
 126.500008       3.95381737
 127.000015       3.88081050
 127.500015       3.79738569
 128.000015       3.70314145
 128.500015       3.59763122
 129.000000       3.48035526
 129.500015       3.35074162
 130.000015       3.20820141
 130.500015       3.05202579
 131.000015       2.88145924
 131.500000       2.69562840
 132.000015       2.49355578
 132.500015       2.27416182
 133.000015       2.03620863
 133.500015       1.77826071
 134.000015       1.49869215
 134.500015       1.19566917
 135.000015       0.86700606
 135.500015       0.51019049
 136.000015       0.12225018
 136.500015      -0.30033815
 137.000015      -0.76175606
 137.500015      -1.26713371
 138.000015      -1.82269812
 138.500015      -2.43621850
 139.000015      -3.11752462
 139.500015      -3.87919950
 140.000015      -4.73780870
 140.500015      -5.71563768
 141.000000      -6.84352016
 141.500015      -8.16542721
 142.000015      -9.74580956
 142.500015     -11.68059158
 143.000015     -14.10124397
 143.500015     -17.06736755
 144.000015     -19.65307045
 144.500015     -18.82638168
 145.000015     -15.67098045
 145.500015     -12.72209263
 146.000015     -10.32880211
 146.500015      -8.37125683
 147.000015      -6.72914076
 147.500015      -5.31920004
 148.000015      -4.08546782
 148.500015      -2.98937201
 149.000015      -2.00365686
 149.500015      -1.10832679
 150.000015      -0.28839472
 150.500015       0.46762514
 151.000015       1.16875577
 151.500015       1.82212949
 152.000015       2.43356633
 152.500015       3.00782681
 153.000015       3.54886556
 153.500015       4.05997562
 154.000015       4.54397440
 154.500015       5.00324631
 155.000015       5.43985748
 155.500015       5.85559464
 156.000015       6.25199604
 156.500015       6.63043451
 157.000015       6.99211073
 157.500015       7.33808565
 158.000015       7.66932678
 158.500015       7.98664618
 159.000015       8.29081917
 159.500015       8.58252716
 160.000015       8.86238956
 160.500015       9.13095570
 161.000015       9.38872719
 161.500015       9.63617897
 162.000015       9.87372494
 162.500015      10.10175228
 163.000015      10.32060432
 163.500015      10.53061295
 164.000015      10.73206997
 164.500015      10.92524910
 165.000015      11.11041069
 165.500015      11.28777695
 166.000015      11.45756817
 166.500015      11.61997795
 167.000015      11.77520275
 167.500015      11.92340374
 168.000015      12.06473351
 168.500015      12.19935417
 169.000015      12.32738590
 169.500031      12.44896984
 170.000015      12.56420612
 170.500015      12.67321968
 171.000015      12.77609921
 171.500015      12.87294292
 172.000031      12.96383286
 172.500015      13.04884529
 173.000015      13.12806034
 173.500015      13.20153713
 174.000015      13.26933956
 174.500015      13.33152676
 175.000015      13.38813972
 175.500015      13.43923378
 176.000015      13.48483849
 176.500015      13.52499485
 177.000015      13.55974102
 177.500015      13.58908844
 178.000015      13.61307049
 178.500015      13.63170433
 179.000031      13.64500141
 179.500015      13.65296936
 180.000015      13.65562057
